C27H32F2N8_Abemaciclib
46220502
  -OEChem-06211816583D

 69 73  0     0  0  0  0  0  0999 V2000
    5.8656    0.8872    2.4062 F   0  0  0  0  0  0  0  0  0  0  0  0
    5.2571   -2.4484   -1.1817 F   0  0  0  0  0  0  0  0  0  0  0  0
   -5.2163   -0.3322    0.7640 N   0  0  0  0  0  0  0  0  0  0  0  0
   -6.8798    1.7361   -0.3823 N   0  0  0  0  0  0  0  0  0  0  0  0
    2.9741    3.0976   -0.3553 N   0  0  0  0  0  0  0  0  0  0  0  0
    4.5538    3.2786    1.1976 N   0  0  0  0  0  0  0  0  0  0  0  0
   -0.8391   -1.7310    0.5915 N   0  0  0  0  0  0  0  0  0  0  0  0
    0.0280   -3.6948   -0.4417 N   0  0  0  0  0  0  0  0  0  0  0  0
    1.7695   -2.1493   -0.2138 N   0  0  0  0  0  0  0  0  0  0  0  0
    2.1499   -4.3095   -1.2116 N   0  0  0  0  0  0  0  0  0  0  0  0
   -6.5304   -0.0084    1.3325 C   0  0  0  0  0  0  0  0  0  0  0  0
   -4.6291    0.8511    0.1234 C   0  0  0  0  0  0  0  0  0  0  0  0
   -7.4675    0.5527    0.2575 C   0  0  0  0  0  0  0  0  0  0  0  0
   -5.5665    1.4110   -0.9521 C   0  0  0  0  0  0  0  0  0  0  0  0
   -4.3227   -0.8634    1.7914 C   0  0  0  0  0  0  0  0  0  0  0  0
   -7.7735    2.2691   -1.4086 C   0  0  0  0  0  0  0  0  0  0  0  0
   -3.1788   -1.6383    1.1934 C   0  0  0  0  0  0  0  0  0  0  0  0
   -9.1113    2.6754   -0.8144 C   0  0  0  0  0  0  0  0  0  0  0  0
    1.9744    3.4918   -1.3221 C   0  0  0  0  0  0  0  0  0  0  0  0
    3.3321    1.8105   -0.0455 C   0  0  0  0  0  0  0  0  0  0  0  0
   -3.3645   -2.9245    0.6986 C   0  0  0  0  0  0  0  0  0  0  0  0
   -1.9081   -1.0914    1.1170 C   0  0  0  0  0  0  0  0  0  0  0  0
    3.7310    3.9377    0.4129 C   0  0  0  0  0  0  0  0  0  0  0  0
    4.3194    1.9503    0.9259 C   0  0  0  0  0  0  0  0  0  0  0  0
    0.5844    2.9809   -0.9353 C   0  0  0  0  0  0  0  0  0  0  0  0
    2.3480    3.0381   -2.7355 C   0  0  0  0  0  0  0  0  0  0  0  0
    2.8906    0.5739   -0.5173 C   0  0  0  0  0  0  0  0  0  0  0  0
    3.4917   -0.5618    0.0354 C   0  0  0  0  0  0  0  0  0  0  0  0
   -2.2890   -3.6146    0.1504 C   0  0  0  0  0  0  0  0  0  0  0  0
    4.9125    0.7987    1.4702 C   0  0  0  0  0  0  0  0  0  0  0  0
   -1.0581   -2.9793    0.1207 C   0  0  0  0  0  0  0  0  0  0  0  0
    3.6026    5.4073    0.3328 C   0  0  0  0  0  0  0  0  0  0  0  0
    4.4849   -0.4537    1.0116 C   0  0  0  0  0  0  0  0  0  0  0  0
    3.0745   -1.8694   -0.4115 C   0  0  0  0  0  0  0  0  0  0  0  0
    1.3804   -3.3691   -0.6313 C   0  0  0  0  0  0  0  0  0  0  0  0
    3.9669   -2.7457   -0.9945 C   0  0  0  0  0  0  0  0  0  0  0  0
    3.4433   -3.9633   -1.3788 C   0  0  0  0  0  0  0  0  0  0  0  0
   -6.9900   -0.9144    1.7465 H   0  0  0  0  0  0  0  0  0  0  0  0
   -3.6840    0.5973   -0.3693 H   0  0  0  0  0  0  0  0  0  0  0  0
   -4.4126    1.6334    0.8638 H   0  0  0  0  0  0  0  0  0  0  0  0
   -6.4329    0.7143    2.1541 H   0  0  0  0  0  0  0  0  0  0  0  0
   -5.1091    2.3162   -1.3698 H   0  0  0  0  0  0  0  0  0  0  0  0
   -5.6630    0.6855   -1.7714 H   0  0  0  0  0  0  0  0  0  0  0  0
   -8.4032    0.7999    0.7695 H   0  0  0  0  0  0  0  0  0  0  0  0
   -7.6902   -0.2266   -0.4839 H   0  0  0  0  0  0  0  0  0  0  0  0
   -3.9542   -0.0741    2.4607 H   0  0  0  0  0  0  0  0  0  0  0  0
   -4.8651   -1.5635    2.4425 H   0  0  0  0  0  0  0  0  0  0  0  0
   -7.9345    1.5507   -2.2222 H   0  0  0  0  0  0  0  0  0  0  0  0
   -7.3178    3.1634   -1.8512 H   0  0  0  0  0  0  0  0  0  0  0  0
   -9.7406    1.8137   -0.5718 H   0  0  0  0  0  0  0  0  0  0  0  0
   -8.9867    3.2895    0.0841 H   0  0  0  0  0  0  0  0  0  0  0  0
   -9.6683    3.2741   -1.5439 H   0  0  0  0  0  0  0  0  0  0  0  0
    1.9234    4.5849   -1.3373 H   0  0  0  0  0  0  0  0  0  0  0  0
   -4.3419   -3.3979    0.7347 H   0  0  0  0  0  0  0  0  0  0  0  0
   -1.6991   -0.0916    1.4849 H   0  0  0  0  0  0  0  0  0  0  0  0
    1.6631    3.4834   -3.4659 H   0  0  0  0  0  0  0  0  0  0  0  0
    3.3627    3.3618   -2.9933 H   0  0  0  0  0  0  0  0  0  0  0  0
    2.2995    1.9555   -2.8718 H   0  0  0  0  0  0  0  0  0  0  0  0
    0.3370    3.2652    0.0938 H   0  0  0  0  0  0  0  0  0  0  0  0
   -0.1741    3.4222   -1.5917 H   0  0  0  0  0  0  0  0  0  0  0  0
    0.4819    1.8962   -1.0137 H   0  0  0  0  0  0  0  0  0  0  0  0
    2.1235    0.4801   -1.2757 H   0  0  0  0  0  0  0  0  0  0  0  0
   -2.4294   -4.6184   -0.2371 H   0  0  0  0  0  0  0  0  0  0  0  0
    4.2984    5.8870    1.0293 H   0  0  0  0  0  0  0  0  0  0  0  0
    2.5926    5.7313    0.6027 H   0  0  0  0  0  0  0  0  0  0  0  0
    3.8409    5.7710   -0.6716 H   0  0  0  0  0  0  0  0  0  0  0  0
    4.9435   -1.3422    1.4414 H   0  0  0  0  0  0  0  0  0  0  0  0
   -0.2036   -4.6253   -0.7758 H   0  0  0  0  0  0  0  0  0  0  0  0
    4.0684   -4.7167   -1.8458 H   0  0  0  0  0  0  0  0  0  0  0  0
  1 30  1  0  0  0  0
  2 36  1  0  0  0  0
  3 11  1  0  0  0  0
  3 12  1  0  0  0  0
  3 15  1  0  0  0  0
  4 13  1  0  0  0  0
  4 14  1  0  0  0  0
  4 16  1  0  0  0  0
  5 19  1  0  0  0  0
  5 20  1  0  0  0  0
  5 23  1  0  0  0  0
  6 23  2  0  0  0  0
  6 24  1  0  0  0  0
  7 22  1  0  0  0  0
  7 31  2  0  0  0  0
  8 31  1  0  0  0  0
  8 35  1  0  0  0  0
  8 68  1  0  0  0  0
  9 34  2  0  0  0  0
  9 35  1  0  0  0  0
 10 35  2  0  0  0  0
 10 37  1  0  0  0  0
 11 13  1  0  0  0  0
 11 38  1  0  0  0  0
 11 41  1  0  0  0  0
 12 14  1  0  0  0  0
 12 39  1  0  0  0  0
 12 40  1  0  0  0  0
 13 44  1  0  0  0  0
 13 45  1  0  0  0  0
 14 42  1  0  0  0  0
 14 43  1  0  0  0  0
 15 17  1  0  0  0  0
 15 46  1  0  0  0  0
 15 47  1  0  0  0  0
 16 18  1  0  0  0  0
 16 48  1  0  0  0  0
 16 49  1  0  0  0  0
 17 21  1  0  0  0  0
 17 22  2  0  0  0  0
 18 50  1  0  0  0  0
 18 51  1  0  0  0  0
 18 52  1  0  0  0  0
 19 25  1  0  0  0  0
 19 26  1  0  0  0  0
 19 53  1  0  0  0  0
 20 24  2  0  0  0  0
 20 27  1  0  0  0  0
 21 29  2  0  0  0  0
 21 54  1  0  0  0  0
 22 55  1  0  0  0  0
 23 32  1  0  0  0  0
 24 30  1  0  0  0  0
 25 59  1  0  0  0  0
 25 60  1  0  0  0  0
 25 61  1  0  0  0  0
 26 56  1  0  0  0  0
 26 57  1  0  0  0  0
 26 58  1  0  0  0  0
 27 28  2  0  0  0  0
 27 62  1  0  0  0  0
 28 33  1  0  0  0  0
 28 34  1  0  0  0  0
 29 31  1  0  0  0  0
 29 63  1  0  0  0  0
 30 33  2  0  0  0  0
 32 64  1  0  0  0  0
 32 65  1  0  0  0  0
 32 66  1  0  0  0  0
 33 67  1  0  0  0  0
 34 36  1  0  0  0  0
 36 37  2  0  0  0  0
 37 69  1  0  0  0  0
M  END
> <PUBCHEM_COMPOUND_CID>
46220502

> <PUBCHEM_CONFORMER_RMSD>
1.2

> <PUBCHEM_CONFORMER_DIVERSEORDER>
1
50
146
87
118
163
56
162
150
9
22
110
95
44
170
69
65
129
31
147
16
46
86
109
153
143
138
51
6
152
40
43
173
156
77
54
142
135
116
48
154
179
45
89
101
76
166
42
139
90
168
180
102
75
92
120
121
74
131
182
11
61
34
133
127
36
176
140
70
161
160
71
99
58
30
132
60
85
111
93
169
114
122
84
96
59
33
149
175
64
158
26
8
164
73
37
63
98
125
62
107
23
145
15
80
177
55
27
94
105
68
57
79
25
155
81
137
32
29
18
97
128
104
159
174
112
82
10
108
72
91
178
66
78
17
148
47
28
113
52
115
123
100
167
181
106
151
171
14
119
4
172
117
157
103
39
35
165
136
7
126
53
20
21
24
144
83
141
130
88
3
41
67
2
183
134
13
19
124
38
49
12
5

> <PUBCHEM_MMFF94_PARTIAL_CHARGES>
40
1 -0.19
10 -0.62
11 0.27
12 0.27
13 0.27
14 0.27
15 0.41
16 0.27
17 -0.14
19 0.26
2 -0.19
20 -0.15
21 -0.15
22 0.16
23 0.01
24 0.23
27 -0.15
29 -0.15
3 -0.81
30 0.19
31 0.41
32 0.18
33 -0.15
34 0.31
35 0.72
36 0.19
37 0.16
4 -0.81
5 0.05
54 0.15
55 0.15
6 -0.57
62 0.15
63 0.15
67 0.15
68 0.4
69 0.15
7 -0.62
8 -0.6
9 -0.62

> <PUBCHEM_EFFECTIVE_ROTOR_COUNT>
8.2

> <PUBCHEM_PHARMACOPHORE_FEATURES>
12
1 3 cation
1 4 cation
1 8 donor
1 9 acceptor
3 19 25 26 hydrophobe
3 5 6 23 cation
4 8 9 10 35 cation
5 5 6 20 23 24 rings
6 20 24 27 28 30 33 rings
6 3 4 11 12 13 14 rings
6 7 17 21 22 29 31 rings
6 9 10 34 35 36 37 rings

> <PUBCHEM_HEAVY_ATOM_COUNT>
37

> <PUBCHEM_ATOM_DEF_STEREO_COUNT>
0

> <PUBCHEM_ATOM_UDEF_STEREO_COUNT>
0

> <PUBCHEM_BOND_DEF_STEREO_COUNT>
0

> <PUBCHEM_BOND_UDEF_STEREO_COUNT>
0

> <PUBCHEM_ISOTOPIC_ATOM_COUNT>
0

> <PUBCHEM_COMPONENT_COUNT>
1

> <PUBCHEM_CACTVS_TAUTO_COUNT>
4

> <PUBCHEM_CONFORMER_ID>
02C144D600000001

> <PUBCHEM_MMFF94_ENERGY>
90.5269

> <PUBCHEM_FEATURE_SELFOVERLAP>
61.007

> <PUBCHEM_SHAPE_FINGERPRINT>
10653451 467 18189041032640408077
10673678 19 18343582928701327063
10811444 77 18408036321632732525
10864689 126 17972594382353174109
11204353 107 17976262661759867277
11386260 185 18200599077154062343
11478447 147 18265317449401466045
11828042 140 17749659676885989557
12422481 6 18114175401605083857
12677640 9 17694790618880919089
13751561 76 18117544154914132426
14117953 113 18412263913634068908
14725015 67 18043805381837879355
15274700 34 18044102469939044595
15320295 198 18335994073486462535
15320295 44 18059845187167976983
15328684 2 15068633673837921073
15400415 2 18053951928569174937
15705408 1 16696420879721575639
16988056 13 18340780243254567302
19053607 189 18269827782339596553
19246450 95 18265876095485848858
1979834 28 18410577309804687744
20715895 44 18411133636796914371
21033648 29 18113622257589974647
21133410 127 18118690060721066364
21133410 230 18125429814931021794
21859007 373 17967806099366422021
21987440 362 18122354738167943732
23559900 14 18270696315290763258
24204213 276 17753589280358098202
3146122 72 18335688409908484757
437795 96 18334856130354126213
4403749 210 17908979151921136416
5109719 28 18334585637988554835
550186 72 17330275481653976983
58902169 19 17845362251325556127
5951187 136 18260827098792771874
6176135 31 18411984701889040809
9961470 85 18411420635375997281

> <PUBCHEM_SHAPE_MULTIPOLES>
707.05
19.21
7.13
1.69
44.77
1.08
0.13
15.46
-0.87
-7.73
2.4
-0.96
0.56
4.41

> <PUBCHEM_SHAPE_SELFOVERLAP>
1532.373

> <PUBCHEM_SHAPE_VOLUME>
390.5

> <PUBCHEM_COORDINATE_TYPE>
2
5
10

$$$$
