C29H34NO2_Umeclidinium
11519070
  -OEChem-06211818263D

 66 70  0     0  0  0  0  0  0999 V2000
    3.6881    0.0012   -2.0558 O   0  0  0  0  0  0  0  0  0  0  0  0
   -4.4049   -0.2330   -0.1517 O   0  0  0  0  0  0  0  0  0  0  0  0
   -0.7663   -0.7693   -0.7796 N   0  3  0  0  0  0  0  0  0  0  0  0
    1.7740   -0.2546   -0.7135 C   0  0  0  0  0  0  0  0  0  0  0  0
    1.0142    0.8256   -1.5054 C   0  0  0  0  0  0  0  0  0  0  0  0
    1.1853   -0.3034    0.7087 C   0  0  0  0  0  0  0  0  0  0  0  0
    1.5052   -1.6137   -1.3858 C   0  0  0  0  0  0  0  0  0  0  0  0
   -0.4843    0.5254   -1.5496 C   0  0  0  0  0  0  0  0  0  0  0  0
   -0.3133   -0.6043    0.6752 C   0  0  0  0  0  0  0  0  0  0  0  0
    0.0085   -1.9233   -1.4250 C   0  0  0  0  0  0  0  0  0  0  0  0
    3.2717    0.0488   -0.6746 C   0  0  0  0  0  0  0  0  0  0  0  0
   -2.2569   -1.0712   -0.8185 C   0  0  0  0  0  0  0  0  0  0  0  0
    3.9958   -1.0493    0.1229 C   0  0  0  0  0  0  0  0  0  0  0  0
    3.6481    1.4429   -0.1461 C   0  0  0  0  0  0  0  0  0  0  0  0
   -3.0140    0.0599   -0.1509 C   0  0  0  0  0  0  0  0  0  0  0  0
    4.3036   -2.2232   -0.5175 C   0  0  0  0  0  0  0  0  0  0  0  0
    2.6475    2.2486    0.3369 C   0  0  0  0  0  0  0  0  0  0  0  0
    4.3002   -0.8047    1.4383 C   0  0  0  0  0  0  0  0  0  0  0  0
    4.9677    1.8185   -0.1819 C   0  0  0  0  0  0  0  0  0  0  0  0
    4.9599   -3.2189    0.2060 C   0  0  0  0  0  0  0  0  0  0  0  0
    2.9892    3.5133    0.8159 C   0  0  0  0  0  0  0  0  0  0  0  0
    4.9567   -1.8004    2.1617 C   0  0  0  0  0  0  0  0  0  0  0  0
    5.3093    3.0831    0.2973 C   0  0  0  0  0  0  0  0  0  0  0  0
   -5.1555    0.7989    0.4740 C   0  0  0  0  0  0  0  0  0  0  0  0
    5.2864   -3.0074    1.5456 C   0  0  0  0  0  0  0  0  0  0  0  0
    4.3202    3.9304    0.7960 C   0  0  0  0  0  0  0  0  0  0  0  0
   -6.6106    0.4342    0.4425 C   0  0  0  0  0  0  0  0  0  0  0  0
   -7.3954    0.8264   -0.6363 C   0  0  0  0  0  0  0  0  0  0  0  0
   -7.1612   -0.2932    1.4919 C   0  0  0  0  0  0  0  0  0  0  0  0
   -8.7481    0.4872   -0.6659 C   0  0  0  0  0  0  0  0  0  0  0  0
   -8.5139   -0.6324    1.4621 C   0  0  0  0  0  0  0  0  0  0  0  0
   -9.3073   -0.2421    0.3832 C   0  0  0  0  0  0  0  0  0  0  0  0
    1.3549    0.7571   -2.5511 H   0  0  0  0  0  0  0  0  0  0  0  0
    1.1314    1.8892   -1.3249 H   0  0  0  0  0  0  0  0  0  0  0  0
    1.6179   -1.1684    1.2317 H   0  0  0  0  0  0  0  0  0  0  0  0
    1.3723    0.4997    1.4177 H   0  0  0  0  0  0  0  0  0  0  0  0
    1.9360   -2.4521   -0.8346 H   0  0  0  0  0  0  0  0  0  0  0  0
    1.8981   -1.6602   -2.4084 H   0  0  0  0  0  0  0  0  0  0  0  0
   -1.0021    1.3523   -1.0592 H   0  0  0  0  0  0  0  0  0  0  0  0
   -0.8560    0.4062   -2.5734 H   0  0  0  0  0  0  0  0  0  0  0  0
   -0.5719   -1.5164    1.2244 H   0  0  0  0  0  0  0  0  0  0  0  0
   -0.8209    0.2561    1.1151 H   0  0  0  0  0  0  0  0  0  0  0  0
   -0.3504   -2.0274   -2.4554 H   0  0  0  0  0  0  0  0  0  0  0  0
   -0.2323   -2.8372   -0.8696 H   0  0  0  0  0  0  0  0  0  0  0  0
   -2.4289   -2.0233   -0.3026 H   0  0  0  0  0  0  0  0  0  0  0  0
   -2.5587   -1.1930   -1.8655 H   0  0  0  0  0  0  0  0  0  0  0  0
   -2.7352    0.1903    0.8957 H   0  0  0  0  0  0  0  0  0  0  0  0
   -2.8954    1.0071   -0.6810 H   0  0  0  0  0  0  0  0  0  0  0  0
    4.6350   -0.2150   -2.0977 H   0  0  0  0  0  0  0  0  0  0  0  0
    4.0932   -2.4093   -1.5652 H   0  0  0  0  0  0  0  0  0  0  0  0
    1.5979    2.0580    0.4545 H   0  0  0  0  0  0  0  0  0  0  0  0
    4.0323    0.1028    1.9675 H   0  0  0  0  0  0  0  0  0  0  0  0
    5.7484    1.1733   -0.5718 H   0  0  0  0  0  0  0  0  0  0  0  0
    5.2228   -4.1565   -0.2751 H   0  0  0  0  0  0  0  0  0  0  0  0
    2.2224    4.1725    1.2132 H   0  0  0  0  0  0  0  0  0  0  0  0
    5.2042   -1.6394    3.2069 H   0  0  0  0  0  0  0  0  0  0  0  0
    6.3454    3.4083    0.2813 H   0  0  0  0  0  0  0  0  0  0  0  0
   -4.9955    1.7515   -0.0466 H   0  0  0  0  0  0  0  0  0  0  0  0
   -4.8244    0.9317    1.5118 H   0  0  0  0  0  0  0  0  0  0  0  0
    5.7971   -3.7829    2.1089 H   0  0  0  0  0  0  0  0  0  0  0  0
    4.5864    4.9144    1.1708 H   0  0  0  0  0  0  0  0  0  0  0  0
   -6.9696    1.3929   -1.4600 H   0  0  0  0  0  0  0  0  0  0  0  0
   -6.5519   -0.6043    2.3360 H   0  0  0  0  0  0  0  0  0  0  0  0
   -9.3657    0.7904   -1.5062 H   0  0  0  0  0  0  0  0  0  0  0  0
   -8.9494   -1.2010    2.2786 H   0  0  0  0  0  0  0  0  0  0  0  0
  -10.3604   -0.5066    0.3600 H   0  0  0  0  0  0  0  0  0  0  0  0
  1 11  1  0  0  0  0
  1 49  1  0  0  0  0
  2 15  1  0  0  0  0
  2 24  1  0  0  0  0
  3  8  1  0  0  0  0
  3  9  1  0  0  0  0
  3 10  1  0  0  0  0
  3 12  1  0  0  0  0
  4  5  1  0  0  0  0
  4  6  1  0  0  0  0
  4  7  1  0  0  0  0
  4 11  1  0  0  0  0
  5  8  1  0  0  0  0
  5 33  1  0  0  0  0
  5 34  1  0  0  0  0
  6  9  1  0  0  0  0
  6 35  1  0  0  0  0
  6 36  1  0  0  0  0
  7 10  1  0  0  0  0
  7 37  1  0  0  0  0
  7 38  1  0  0  0  0
  8 39  1  0  0  0  0
  8 40  1  0  0  0  0
  9 41  1  0  0  0  0
  9 42  1  0  0  0  0
 10 43  1  0  0  0  0
 10 44  1  0  0  0  0
 11 13  1  0  0  0  0
 11 14  1  0  0  0  0
 12 15  1  0  0  0  0
 12 45  1  0  0  0  0
 12 46  1  0  0  0  0
 13 16  2  0  0  0  0
 13 18  1  0  0  0  0
 14 17  2  0  0  0  0
 14 19  1  0  0  0  0
 15 47  1  0  0  0  0
 15 48  1  0  0  0  0
 16 20  1  0  0  0  0
 16 50  1  0  0  0  0
 17 21  1  0  0  0  0
 17 51  1  0  0  0  0
 18 22  2  0  0  0  0
 18 52  1  0  0  0  0
 19 23  2  0  0  0  0
 19 53  1  0  0  0  0
 20 25  2  0  0  0  0
 20 54  1  0  0  0  0
 21 26  2  0  0  0  0
 21 55  1  0  0  0  0
 22 25  1  0  0  0  0
 22 56  1  0  0  0  0
 23 26  1  0  0  0  0
 23 57  1  0  0  0  0
 24 27  1  0  0  0  0
 24 58  1  0  0  0  0
 24 59  1  0  0  0  0
 25 60  1  0  0  0  0
 26 61  1  0  0  0  0
 27 28  2  0  0  0  0
 27 29  1  0  0  0  0
 28 30  1  0  0  0  0
 28 62  1  0  0  0  0
 29 31  2  0  0  0  0
 29 63  1  0  0  0  0
 30 32  2  0  0  0  0
 30 64  1  0  0  0  0
 31 32  1  0  0  0  0
 31 65  1  0  0  0  0
 32 66  1  0  0  0  0
M  CHG  1   3   1
M  END
> <PUBCHEM_COMPOUND_CID>
11519070

> <PUBCHEM_CONFORMER_RMSD>
1

> <PUBCHEM_CONFORMER_DIVERSEORDER>
2
56
85
9
43
57
73
82
13
55
44
87
76
47
6
11
48
69
35
75
45
46
66
15
25
68
28
36
27
1
61
88
77
67
59
74
51
38
7
78
65
62
54
26
86
49
16
60
10
84
53
12
89
58
83
50
63
90
79
52
8
5
81
3
17
34
64
37
70
29
41
4
80
40
32
71
20
18
31
30
72
22
42
14
33
19
39
21
23
24

> <PUBCHEM_MMFF94_PARTIAL_CHARGES>
44
1 -0.68
10 0.5
11 0.57
12 0.5
13 -0.14
14 -0.14
15 0.28
16 -0.15
17 -0.15
18 -0.15
19 -0.15
2 -0.56
20 -0.15
21 -0.15
22 -0.15
23 -0.15
24 0.42
25 -0.15
26 -0.15
27 -0.14
28 -0.15
29 -0.15
3 -1.01
30 -0.15
31 -0.15
32 -0.15
49 0.4
50 0.15
51 0.15
52 0.15
53 0.15
54 0.15
55 0.15
56 0.15
57 0.15
60 0.15
61 0.15
62 0.15
63 0.15
64 0.15
65 0.15
66 0.15
8 0.5
9 0.5

> <PUBCHEM_EFFECTIVE_ROTOR_COUNT>
9.2

> <PUBCHEM_PHARMACOPHORE_FEATURES>
8
1 1 acceptor
1 1 donor
1 2 acceptor
1 3 cation
6 13 16 18 20 22 25 rings
6 14 17 19 21 23 26 rings
6 27 28 29 30 31 32 rings
8 3 4 5 6 7 8 9 10 rings

> <PUBCHEM_HEAVY_ATOM_COUNT>
32

> <PUBCHEM_ATOM_DEF_STEREO_COUNT>
0

> <PUBCHEM_ATOM_UDEF_STEREO_COUNT>
0

> <PUBCHEM_BOND_DEF_STEREO_COUNT>
0

> <PUBCHEM_BOND_UDEF_STEREO_COUNT>
0

> <PUBCHEM_ISOTOPIC_ATOM_COUNT>
0

> <PUBCHEM_COMPONENT_COUNT>
1

> <PUBCHEM_CACTVS_TAUTO_COUNT>
1

> <PUBCHEM_CONFORMER_ID>
00AFC45E00000002

> <PUBCHEM_MMFF94_ENERGY>
156.3583

> <PUBCHEM_FEATURE_SELFOVERLAP>
40.597

> <PUBCHEM_SHAPE_FINGERPRINT>
10 15 18335986450098827581
10006869 2 18272366486079729188
10162869 55 18059560396407369847
10165383 225 18114468959401056084
10411042 1 18054515699689336518
10462674 125 17404330854007446011
10554248 39 18131343103610718567
11475781 23 14117512151998950919
11719270 70 18334861576642455855
12047536 79 18041827450709308233
12522641 24 18261107448556473243
13533116 47 18333450932565305082
13540713 5 17986372589872712414
13560911 43 18412547587323507328
13692115 27 18044936763088518246
13782708 43 18041560239756434671
13878862 14 18339905078790213685
14347424 109 18407755928296606091
14400156 188 18262798446344601058
14400156 96 18187925144075323509
15082195 135 15769506416290205840
15131766 46 18124307461554069301
15183329 4 17203332234784489409
15264996 151 18411140238526808273
15392192 104 17241338008906166891
15419008 91 17676474065706815125
15475509 35 17313374587917438922
1577012 14 18201715193842192743
20157964 124 18272938236557802757
20812841 46 18408325480416757505
21130935 74 18187087252602714787
21315764 268 18409727340256750421
21344244 78 18200582598086740720
21421861 104 18337379505656348624
21781055 127 16558486209339054050
21792938 131 15213849403205076665
21814621 53 18113341912516152697
21987483 16 18336546144609931579
22956985 138 14203331138638193472
23522609 53 16557934289726540249
23559900 14 17275395309026594790
249057 25 17917715669698998657
3411729 13 18339360881207026292
376196 1 17269751705147406672
397830 11 18262525913641780867
4073 2 18189902100552669171
4112364 45 18129366237723720464
5104073 3 18337109072566244123
5109719 28 18201447995299837457
58260988 587 17968663830379705604
68570916 9 18271521001120499471
9962374 69 18410002234984847886

> <PUBCHEM_SHAPE_MULTIPOLES>
641.83
23.05
3.46
1.62
72.82
1.98
-0.07
0.38
-8.19
-10.25
-1.09
-0.68
-0.62
-0.15

> <PUBCHEM_SHAPE_SELFOVERLAP>
1405.409

> <PUBCHEM_SHAPE_VOLUME>
341.1

> <PUBCHEM_COORDINATE_TYPE>
2
5
10

$$$$
