ZINC000013781573_Ligand1
APtclcactv07051813353D 0   0.00000     0.00000     1

 55 56  0  0  0  0  0  0  0  0999 V2000
    0.7598   12.1705  -16.2547 C   0  0  0  0  0  0  0  0  0  0  0  0
    0.1370   12.7890  -13.8528 C   0  0  0  0  0  0  0  0  0  0  0  0
    0.8134   13.8405  -13.9584 O   0  0  0  0  0  0  0  0  0  0  0  0
    0.3843   11.7689  -14.7696 N   0  0  0  0  0  0  0  0  0  0  0  0
    0.3273   10.8236  -14.5011 H   0  0  0  0  0  0  0  0  0  0  0  0
   -0.7852   12.5187  -12.7010 C   0  0  0  0  0  0  0  0  0  0  0  0
    0.0221   12.3913  -11.5281 N   0  0  0  0  0  0  0  0  0  0  0  0
    0.2165   11.4094  -11.3316 H   0  0  0  0  0  0  0  0  0  0  0  0
   -0.9262   13.0940  -10.2514 S   0  0  0  0  0  0  0  0  0  0  0  0
   -2.3275   12.6043  -10.4237 O   0  0  0  0  0  0  0  0  0  0  0  0
   -0.3364   12.6578   -8.9578 O   0  0  0  0  0  0  0  0  0  0  0  0
   -0.8222   14.8315  -10.4918 C   0  0  0  0  0  0  0  0  0  0  0  0
   -1.8464   15.5505  -11.0962 C   0  0  0  0  0  0  0  0  0  0  0  0
    0.3988   15.4925  -10.4192 C   0  0  0  0  0  0  0  0  0  0  0  0
   -1.5440   16.5440  -12.0113 C   0  0  0  0  0  0  0  0  0  0  0  0
    0.7064   16.4658  -11.3633 C   0  0  0  0  0  0  0  0  0  0  0  0
   -0.2349   16.9437  -12.2501 C   0  0  0  0  0  0  0  0  0  0  0  0
    0.1751   17.2576  -13.5995 C   0  0  0  0  0  0  0  0  0  0  0  0
    0.6325   17.4312  -14.6590 N   0  0  0  0  0  0  0  0  0  0  0  0
   -0.7218   11.9230  -16.8668 C   0  0  0  0  0  0  0  0  0  0  0  0
   -1.3999   12.9315  -17.0961 O   0  0  0  0  0  0  0  0  0  0  0  0
   -1.1749   10.6276  -16.8104 O   0  0  0  0  0  0  0  0  0  0  0  0
   -2.5433   10.4515  -16.4480 C   0  0  0  0  0  0  0  0  0  0  0  0
   -2.7266    9.8996  -16.2857 C   0  0  0  0  0  0  0  0  0  0  0  0
    1.2199   10.6180  -16.5992 C   0  0  0  0  0  0  0  0  0  0  0  0
    2.7019   10.7448  -16.4151 C   0  0  0  0  0  0  0  0  0  0  0  0
    3.4273    9.8086  -15.6810 C   0  0  0  0  0  0  0  0  0  0  0  0
    3.3593   11.9716  -16.4579 C   0  0  0  0  0  0  0  0  0  0  0  0
    4.2285   10.2164  -14.6152 C   0  0  0  0  0  0  0  0  0  0  0  0
    4.1280   12.3877  -15.3711 C   0  0  0  0  0  0  0  0  0  0  0  0
    4.3487   11.5617  -14.2701 C   0  0  0  0  0  0  0  0  0  0  0  0
    4.0914   12.0299  -12.8959 C   0  0  0  0  0  0  0  0  0  0  0  0
    2.8841   12.1036  -12.4175 N   0  0  0  0  0  0  0  0  0  0  0  0
    4.9993   12.9250  -12.2343 N   0  0  0  0  0  0  0  0  0  0  0  0
    2.1711   11.5367  -12.7909 H   0  0  0  0  0  0  0  0  0  0  0  0
    5.9441   12.9600  -12.5093 H   0  0  0  0  0  0  0  0  0  0  0  0
    4.6771   13.5037  -11.5058 H   0  0  0  0  0  0  0  0  0  0  0  0
    1.3289   13.0470  -16.4845 H   0  0  0  0  0  0  0  0  0  0  0  0
   -1.4732   13.3299  -12.5851 H   0  0  0  0  0  0  0  0  0  0  0  0
   -1.3495   11.6255  -12.8702 H   0  0  0  0  0  0  0  0  0  0  0  0
   -2.8304   15.3441  -10.8632 H   0  0  0  0  0  0  0  0  0  0  0  0
    1.0712   15.2626   -9.6708 H   0  0  0  0  0  0  0  0  0  0  0  0
   -2.3110   16.9998  -12.5298 H   0  0  0  0  0  0  0  0  0  0  0  0
    1.6669   16.8413  -11.4013 H   0  0  0  0  0  0  0  0  0  0  0  0
   -3.1349   10.7478  -17.2889 H   0  0  0  0  0  0  0  0  0  0  0  0
   -2.6613   11.0411  -15.5629 H   0  0  0  0  0  0  0  0  0  0  0  0
   -2.6417    9.2357  -17.1205 H   0  0  0  0  0  0  0  0  0  0  0  0
   -3.7469    9.9422  -15.9662 H   0  0  0  0  0  0  0  0  0  0  0  0
   -2.1160    9.5428  -15.4827 H   0  0  0  0  0  0  0  0  0  0  0  0
    0.9656   10.3405  -17.6008 H   0  0  0  0  0  0  0  0  0  0  0  0
    0.7523    9.8639  -16.0012 H   0  0  0  0  0  0  0  0  0  0  0  0
    3.3713    8.8080  -15.9275 H   0  0  0  0  0  0  0  0  0  0  0  0
    3.2778   12.5724  -17.2930 H   0  0  0  0  0  0  0  0  0  0  0  0
    4.7435    9.5073  -14.0703 H   0  0  0  0  0  0  0  0  0  0  0  0
    4.5444   13.3319  -15.3823 H   0  0  0  0  0  0  0  0  0  0  0  0
  1 20  1  0  0  0  0
  1 25  1  0  0  0  0
  1 38  1  6  0  0  0
  2  3  2  0  0  0  0
  2  4  1  0  0  0  0
  1  4  1  0  0  0  0
  4  5  1  0  0  0  0
  2  6  1  0  0  0  0
  6 39  1  0  0  0  0
  6 40  1  0  0  0  0
  6  7  1  0  0  0  0
  7  8  1  0  0  0  0
  9 10  2  0  0  0  0
  9 11  2  0  0  0  0
  7  9  1  0  0  0  0
  9 12  1  0  0  0  0
 12 13  2  0  0  0  0
 12 14  1  0  0  0  0
 13 15  1  0  0  0  0
 13 41  1  0  0  0  0
 14 16  2  0  0  0  0
 14 42  1  0  0  0  0
 15 17  2  0  0  0  0
 15 43  1  0  0  0  0
 16 17  1  0  0  0  0
 16 44  1  0  0  0  0
 17 18  1  0  0  0  0
 18 19  3  0  0  0  0
 20 21  2  0  0  0  0
 20 22  1  0  0  0  0
 22 23  1  0  0  0  0
 23 24  1  0  0  0  0
 23 45  1  0  0  0  0
 23 46  1  0  0  0  0
 24 47  1  0  0  0  0
 24 48  1  0  0  0  0
 24 49  1  0  0  0  0
 25 26  1  0  0  0  0
 25 50  1  0  0  0  0
 25 51  1  0  0  0  0
 26 27  2  0  0  0  0
 26 28  1  0  0  0  0
 27 29  1  0  0  0  0
 27 52  1  0  0  0  0
 28 30  2  0  0  0  0
 28 53  1  0  0  0  0
 29 31  2  0  0  0  0
 29 54  1  0  0  0  0
 30 31  1  0  0  0  0
 30 55  1  0  0  0  0
 31 32  1  0  0  0  0
 32 33  2  0  0  0  0
 32 34  1  0  0  0  0
 33 35  1  0  0  0  0
 34 36  1  0  0  0  0
 34 37  1  0  0  0  0
M  END
$$$$
