C244H396N67O75S7_ActiveSite
APtclcactv07051813013D 0   0.00000     0.00000     1

789786  0  0  1  0  0  0  0  0999 V2000
    4.4410   25.0250   -0.3670 N   0  0  0  0  0  0  0  0  0  0  0  0
    3.7600   24.6990   -1.0400 H   0  0  0  0  0  0  0  0  0  0  0  0
    5.6450   25.6690   -0.8750 C   0  0  1  0  0  0  0  0  0  0  0  0
    6.0360   26.3520   -0.1200 H   0  0  0  0  0  0  0  0  0  0  0  0
    6.7660   24.6440   -1.2330 C   0  0  0  0  0  0  0  0  0  0  0  0
    6.9150   23.9690   -0.3900 H   0  0  0  0  0  0  0  0  0  0  0  0
    6.4520   24.0600   -2.0950 H   0  0  0  0  0  0  0  0  0  0  0  0
    8.3520   25.4560   -1.6140 S   0  0  0  0  0  0  0  0  0  0  0  0
    8.5340   25.9650   -0.3930 H   0  0  0  0  0  0  0  0  0  0  0  0
    5.2390   26.4780   -2.0970 C   0  0  0  0  0  0  0  0  0  0  0  0
    4.8510   25.9230   -3.1020 O   0  0  0  0  0  0  0  0  0  0  0  0
    3.0030   28.1360   -4.5750 N   0  0  0  0  0  0  0  0  0  0  0  0
    3.6360   28.1100   -5.3610 H   0  0  0  0  0  0  0  0  0  0  0  0
    1.5820   27.8760   -4.7710 C   0  0  1  0  0  0  0  0  0  0  0  0
    0.9890   28.3790   -4.0070 H   0  0  0  0  0  0  0  0  0  0  0  0
    1.0750   28.3920   -6.1190 C   0  0  1  0  0  0  0  0  0  0  0  0
    0.0750   28.0230   -6.3440 H   0  0  0  0  0  0  0  0  0  0  0  0
    0.9960   29.9100   -6.1460 C   0  0  0  0  0  0  0  0  0  0  0  0
    0.5390   30.2340   -7.0820 H   0  0  0  0  0  0  0  0  0  0  0  0
    0.3830   30.2640   -5.3170 H   0  0  0  0  0  0  0  0  0  0  0  0
    1.9940   30.3440   -6.0650 H   0  0  0  0  0  0  0  0  0  0  0  0
    1.9780   27.9290   -7.0890 O   0  0  0  0  0  0  0  0  0  0  0  0
    1.5480   27.9720   -7.9460 H   0  0  0  0  0  0  0  0  0  0  0  0
    1.1840   26.3870   -4.7380 C   0  0  0  0  0  0  0  0  0  0  0  0
    0.0550   26.0770   -5.0920 O   0  0  0  0  0  0  0  0  0  0  0  0
    2.0680   25.4630   -4.3260 N   0  0  0  0  0  0  0  0  0  0  0  0
    2.9930   25.7340   -4.0210 H   0  0  0  0  0  0  0  0  0  0  0  0
    1.6480   24.0460   -4.1840 C   0  0  1  0  0  0  0  0  0  0  0  0
    0.7680   23.8500   -4.7980 H   0  0  0  0  0  0  0  0  0  0  0  0
    2.7510   23.0950   -4.6560 C   0  0  1  0  0  0  0  0  0  0  0  0
    3.6240   23.1860   -4.0080 H   0  0  0  0  0  0  0  0  0  0  0  0
    2.2710   21.6510   -4.6580 C   0  0  0  0  0  0  0  0  0  0  0  0
    3.0370   21.0170   -5.1060 H   0  0  0  0  0  0  0  0  0  0  0  0
    2.0970   21.3010   -3.6410 H   0  0  0  0  0  0  0  0  0  0  0  0
    1.3500   21.5590   -5.2350 H   0  0  0  0  0  0  0  0  0  0  0  0
    3.1300   23.4310   -5.9850 O   0  0  0  0  0  0  0  0  0  0  0  0
    3.5500   24.2940   -5.9690 H   0  0  0  0  0  0  0  0  0  0  0  0
    1.3330   23.6900   -2.7330 C   0  0  0  0  0  0  0  0  0  0  0  0
    2.1410   23.9830   -1.8130 O   0  0  0  0  0  0  0  0  0  0  0  0
    0.1740   23.0830   -2.5310 N   0  0  0  0  0  0  0  0  0  0  0  0
   -0.4390   22.9120   -3.3160 H   0  0  0  0  0  0  0  0  0  0  0  0
   -0.2270   22.5630   -1.2640 C   0  0  1  0  0  0  0  0  0  0  0  0
    0.5730   22.6740   -0.5350 H   0  0  0  0  0  0  0  0  0  0  0  0
   -1.4940   23.2760   -0.7130 C   0  0  1  0  0  0  0  0  0  0  0  0
   -2.2810   23.2570   -1.4680 H   0  0  0  0  0  0  0  0  0  0  0  0
   -1.9930   22.6570    0.5120 C   0  0  0  0  0  0  0  0  0  0  0  0
   -2.3980   21.6660    0.3080 H   0  0  0  0  0  0  0  0  0  0  0  0
   -1.1780   22.5870    1.2270 H   0  0  0  0  0  0  0  0  0  0  0  0
   -2.7890   23.2930    0.8730 H   0  0  0  0  0  0  0  0  0  0  0  0
   -1.1430   24.6440   -0.4330 O   0  0  0  0  0  0  0  0  0  0  0  0
   -1.9450   25.1150   -0.1910 H   0  0  0  0  0  0  0  0  0  0  0  0
   -0.4900   21.0480   -1.5130 C   0  0  0  0  0  0  0  0  0  0  0  0
   -1.0990   20.6540   -2.4660 O   0  0  0  0  0  0  0  0  0  0  0  0
    0.0560   20.2700   -0.5680 N   0  0  0  0  0  0  0  0  0  0  0  0
    0.5540   20.7310    0.1820 H   0  0  0  0  0  0  0  0  0  0  0  0
    0.0220   18.8050   -0.4970 C   0  0  1  0  0  0  0  0  0  0  0  0
   -0.9570   18.4580   -0.8320 H   0  0  0  0  0  0  0  0  0  0  0  0
    1.0890   18.1930   -1.4050 C   0  0  0  0  0  0  0  0  0  0  0  0
    1.0410   17.1100   -1.3210 H   0  0  0  0  0  0  0  0  0  0  0  0
    0.8230   18.4420   -2.4340 H   0  0  0  0  0  0  0  0  0  0  0  0
    2.5330   18.6440   -1.1730 C   0  0  0  0  0  0  0  0  0  0  0  0
    2.5840   19.7240   -1.2950 H   0  0  0  0  0  0  0  0  0  0  0  0
    2.9850   18.3100    0.2410 C   0  0  0  0  0  0  0  0  0  0  0  0
    4.0730   18.2860    0.2880 H   0  0  0  0  0  0  0  0  0  0  0  0
    2.7150   19.1200    0.8950 H   0  0  0  0  0  0  0  0  0  0  0  0
    2.6190   17.3380    0.5470 H   0  0  0  0  0  0  0  0  0  0  0  0
    3.4630   18.0120   -2.1980 C   0  0  0  0  0  0  0  0  0  0  0  0
    4.3500   17.5790   -1.7390 H   0  0  0  0  0  0  0  0  0  0  0  0
    2.9620   17.1870   -2.7050 H   0  0  0  0  0  0  0  0  0  0  0  0
    3.7370   18.7460   -2.9550 H   0  0  0  0  0  0  0  0  0  0  0  0
    0.2230   18.3390    0.9660 C   0  0  0  0  0  0  0  0  0  0  0  0
    0.6330   19.1300    1.8150 O   0  0  0  0  0  0  0  0  0  0  0  0
   -0.0740   17.0700    1.2530 N   0  0  0  0  0  0  0  0  0  0  0  0
   -0.3730   16.4570    0.5080 H   0  0  0  0  0  0  0  0  0  0  0  0
   -0.0720   16.5460    2.5720 C   0  0  1  0  0  0  0  0  0  0  0  0
   -0.5310   17.2870    3.2280 H   0  0  0  0  0  0  0  0  0  0  0  0
   -0.9890   15.3070    2.5570 C   0  0  0  0  0  0  0  0  0  0  0  0
   -0.4980   14.4900    2.0350 H   0  0  0  0  0  0  0  0  0  0  0  0
   -1.1680   14.9850    3.5830 H   0  0  0  0  0  0  0  0  0  0  0  0
   -2.3080   15.5900    1.9060 C   0  0  0  0  0  0  0  0  0  0  0  0
   -3.1830   16.2580    2.5260 O   0  0  0  0  0  0  0  0  0  0  0  0
   -2.4690   15.2080    0.6490 N   0  0  0  0  0  0  0  0  0  0  0  0
   -3.3440   15.3910    0.1770 H   0  0  0  0  0  0  0  0  0  0  0  0
   -1.7270   14.7180    0.1720 H   0  0  0  0  0  0  0  0  0  0  0  0
    1.2840   16.1900    3.1230 C   0  0  0  0  0  0  0  0  0  0  0  0
    2.1930   15.8480    2.3760 O   0  0  0  0  0  0  0  0  0  0  0  0
    6.3730   14.6700    0.0420 N   0  0  0  0  0  0  0  0  0  0  0  0
    4.9220   14.4540   -0.1370 C   0  0  0  0  0  0  0  0  0  0  0  0
    4.4110   15.4110   -0.2500 H   0  0  0  0  0  0  0  0  0  0  0  0
    4.4880   13.8750    0.6750 H   0  0  0  0  0  0  0  0  0  0  0  0
    4.8760   13.6950   -1.4050 C   0  0  0  0  0  0  0  0  0  0  0  0
    3.9060   13.7810   -1.8850 H   0  0  0  0  0  0  0  0  0  0  0  0
    5.1080   12.6450   -1.2170 H   0  0  0  0  0  0  0  0  0  0  0  0
    5.9940   14.3310   -2.2620 C   0  0  0  0  0  0  0  0  0  0  0  0
    5.6490   15.2910   -2.6510 H   0  0  0  0  0  0  0  0  0  0  0  0
    6.3020   13.6800   -3.0780 H   0  0  0  0  0  0  0  0  0  0  0  0
    7.0880   14.5200   -1.2490 C   0  0  1  0  0  0  0  0  0  0  0  0
    7.7010   13.6190   -1.2070 H   0  0  0  0  0  0  0  0  0  0  0  0
    7.9440   15.7190   -1.5450 C   0  0  0  0  0  0  0  0  0  0  0  0
    7.4640   16.7990   -1.3780 O   0  0  0  0  0  0  0  0  0  0  0  0
    9.1840   15.4990   -1.9720 N   0  0  0  0  0  0  0  0  0  0  0  0
    9.5600   14.5650   -2.0650 H   0  0  0  0  0  0  0  0  0  0  0  0
   10.0220   16.6700   -2.2450 C   0  0  1  0  0  0  0  0  0  0  0  0
    9.9150   17.3750   -1.4340 H   0  0  0  0  0  0  0  0  0  0  0  0
   11.4910   16.2900   -2.4480 C   0  0  0  0  0  0  0  0  0  0  0  0
   12.0860   17.2030   -2.5110 H   0  0  0  0  0  0  0  0  0  0  0  0
   11.8200   15.7540   -1.5560 H   0  0  0  0  0  0  0  0  0  0  0  0
   11.7980   15.4310   -3.6630 C   0  0  0  0  0  0  0  0  0  0  0  0
   11.1350   14.5700   -3.6800 H   0  0  0  0  0  0  0  0  0  0  0  0
   11.6080   16.0060   -4.5670 H   0  0  0  0  0  0  0  0  0  0  0  0
   13.2310   14.9470   -3.6960 C   0  0  0  0  0  0  0  0  0  0  0  0
   13.8800   15.8200   -3.7820 H   0  0  0  0  0  0  0  0  0  0  0  0
   13.4610   14.4270   -2.7670 H   0  0  0  0  0  0  0  0  0  0  0  0
   13.4410   14.0760   -4.8170 N   0  3  0  0  0  0  0  0  0  0  0  0
   12.6350   13.7710   -5.3400 H   0  0  0  0  0  0  0  0  0  0  0  0
   14.6470   13.6910   -5.2290 C   0  0  0  0  0  0  0  0  0  0  0  0
   15.6990   14.0870   -4.5210 N   0  0  0  0  0  0  0  0  0  0  0  0
   16.6290   13.8140   -4.7970 H   0  0  0  0  0  0  0  0  0  0  0  0
   15.5630   14.6450   -3.6910 H   0  0  0  0  0  0  0  0  0  0  0  0
   14.8090   12.8910   -6.3060 N   0  0  0  0  0  0  0  0  0  0  0  0
   13.9900   12.5650   -6.8080 H   0  0  0  0  0  0  0  0  0  0  0  0
   15.7270   12.5980   -6.5960 H   0  0  0  0  0  0  0  0  0  0  0  0
    9.6050   17.4050   -3.4670 C   0  0  0  0  0  0  0  0  0  0  0  0
    9.9730   18.6250   -3.5720 O   0  0  0  0  0  0  0  0  0  0  0  0
    8.7700   16.8540   -4.2990 N   0  0  0  0  0  0  0  0  0  0  0  0
    8.4510   15.9070   -4.1590 H   0  0  0  0  0  0  0  0  0  0  0  0
    8.3750   17.5730   -5.4680 C   0  0  1  0  0  0  0  0  0  0  0  0
    9.2940   17.9460   -5.9160 H   0  0  0  0  0  0  0  0  0  0  0  0
    7.7670   16.6570   -6.5570 C   0  0  0  0  0  0  0  0  0  0  0  0
    7.7010   17.2220   -7.4880 H   0  0  0  0  0  0  0  0  0  0  0  0
    8.4510   15.8260   -6.7330 H   0  0  0  0  0  0  0  0  0  0  0  0
    6.4110   16.0950   -6.2530 C   0  0  0  0  0  0  0  0  0  0  0  0
    5.2980   16.8790   -6.0920 N   0  0  0  0  0  0  0  0  0  0  0  0
    5.2790   17.8860   -6.1910 H   0  0  0  0  0  0  0  0  0  0  0  0
    4.2560   16.1130   -5.8750 C   0  0  0  0  0  0  0  0  0  0  0  0
    3.2330   16.4510   -5.7740 H   0  0  0  0  0  0  0  0  0  0  0  0
    4.6540   14.8600   -5.8800 N   0  0  0  0  0  0  0  0  0  0  0  0
    4.0450   14.0510   -5.8170 H   0  0  0  0  0  0  0  0  0  0  0  0
    5.9980   14.8220   -6.1070 C   0  0  0  0  0  0  0  0  0  0  0  0
    6.6100   13.9350   -6.1990 H   0  0  0  0  0  0  0  0  0  0  0  0
    7.5540   18.8330   -5.1680 C   0  0  0  0  0  0  0  0  0  0  0  0
    7.3390   19.6030   -6.0400 O   0  0  0  0  0  0  0  0  0  0  0  0
    7.0960   18.9680   -3.9360 N   0  0  0  0  0  0  0  0  0  0  0  0
    7.3030   18.2530   -3.2530 H   0  0  0  0  0  0  0  0  0  0  0  0
    6.4060   20.1890   -3.4580 C   0  0  1  0  0  0  0  0  0  0  0  0
    5.4550   20.2500   -3.9870 H   0  0  0  0  0  0  0  0  0  0  0  0
    6.1220   20.1120   -1.9550 C   0  0  0  0  0  0  0  0  0  0  0  0
    5.7650   19.1160   -1.7410 H   0  0  0  0  0  0  0  0  0  0  0  0
    7.3730   20.2730   -1.0990 C   0  0  0  0  0  0  0  0  0  0  0  0
    7.1210   20.0840   -0.0550 H   0  0  0  0  0  0  0  0  0  0  0  0
    8.1390   19.5590   -1.4040 H   0  0  0  0  0  0  0  0  0  0  0  0
    7.7670   21.2860   -1.1770 H   0  0  0  0  0  0  0  0  0  0  0  0
    5.0070   21.1060   -1.5640 C   0  0  0  0  0  0  0  0  0  0  0  0
    4.6770   20.9070   -0.5440 H   0  0  0  0  0  0  0  0  0  0  0  0
    5.3800   22.1270   -1.6160 H   0  0  0  0  0  0  0  0  0  0  0  0
    4.1610   21.0180   -2.2430 H   0  0  0  0  0  0  0  0  0  0  0  0
    7.2300   21.4510   -3.8190 C   0  0  0  0  0  0  0  0  0  0  0  0
    6.6400   22.5450   -4.0560 O   0  0  0  0  0  0  0  0  0  0  0  0
    8.5610   21.3060   -3.9180 N   0  0  0  0  0  0  0  0  0  0  0  0
    8.9850   20.4080   -3.7320 H   0  0  0  0  0  0  0  0  0  0  0  0
    9.4470   22.4630   -4.2110 C   0  0  1  0  0  0  0  0  0  0  0  0
    8.9990   23.3310   -3.7250 H   0  0  0  0  0  0  0  0  0  0  0  0
   10.8650   22.2990   -3.5740 C   0  0  1  0  0  0  0  0  0  0  0  0
   11.3470   23.2760   -3.6280 H   0  0  0  0  0  0  0  0  0  0  0  0
   10.7630   21.9490   -2.1230 C   0  0  0  0  0  0  0  0  0  0  0  0
   11.7010   22.1560   -1.6080 H   0  0  0  0  0  0  0  0  0  0  0  0
    9.9770   22.5680   -1.7000 H   0  0  0  0  0  0  0  0  0  0  0  0
   10.5000   20.8980   -2.0000 H   0  0  0  0  0  0  0  0  0  0  0  0
   11.7590   21.3130   -4.3430 C   0  0  0  0  0  0  0  0  0  0  0  0
   11.2910   20.3450   -4.4370 H   0  0  0  0  0  0  0  0  0  0  0  0
   11.9030   21.6930   -5.3550 H   0  0  0  0  0  0  0  0  0  0  0  0
   13.1290   21.1500   -3.7410 C   0  0  0  0  0  0  0  0  0  0  0  0
   13.7540   20.5590   -4.4080 H   0  0  0  0  0  0  0  0  0  0  0  0
   13.5910   22.1260   -3.5930 H   0  0  0  0  0  0  0  0  0  0  0  0
   13.0670   20.6250   -2.7880 H   0  0  0  0  0  0  0  0  0  0  0  0
    9.5320   22.8120   -5.6780 C   0  0  0  0  0  0  0  0  0  0  0  0
   10.0220   23.8820   -5.9980 O   0  0  0  0  0  0  0  0  0  0  0  0
    8.9510   22.0350   -6.5900 N   0  0  0  0  0  0  0  0  0  0  0  0
    8.4670   21.2050   -6.2840 H   0  0  0  0  0  0  0  0  0  0  0  0
    9.1210   22.2330   -8.0170 C   0  0  1  0  0  0  0  0  0  0  0  0
   10.1390   22.5680   -8.2290 H   0  0  0  0  0  0  0  0  0  0  0  0
    8.8510   20.9760   -8.7760 C   0  0  0  0  0  0  0  0  0  0  0  0
    7.9370   20.5010   -8.4190 H   0  0  0  0  0  0  0  0  0  0  0  0
    8.7390   21.2190   -9.8320 H   0  0  0  0  0  0  0  0  0  0  0  0
   10.2360   19.8670   -8.6320 S   0  0  0  0  0  0  0  0  0  0  0  0
    9.6490   18.8060   -9.2150 H   0  0  0  0  0  0  0  0  0  0  0  0
    8.1360   23.2570   -8.5700 C   0  0  0  0  0  0  0  0  0  0  0  0
    6.9770   23.2630   -8.1650 O   0  0  0  0  0  0  0  0  0  0  0  0
    8.6090   24.0900   -9.5120 N   0  0  0  0  0  0  0  0  0  0  0  0
    9.5900   24.0710   -9.7600 H   0  0  0  0  0  0  0  0  0  0  0  0
    7.7160   24.8860  -10.3540 C   0  0  1  0  0  0  0  0  0  0  0  0
    6.8200   25.1770   -9.8050 H   0  0  0  0  0  0  0  0  0  0  0  0
    8.4250   26.1640  -10.9010 C   0  0  1  0  0  0  0  0  0  0  0  0
    7.7140   26.7460  -11.4890 H   0  0  0  0  0  0  0  0  0  0  0  0
    8.9520   27.0320   -9.7950 C   0  0  0  0  0  0  0  0  0  0  0  0
    8.1340   27.3160   -9.1330 H   0  0  0  0  0  0  0  0  0  0  0  0
    9.7140   26.5090   -9.2180 H   0  0  0  0  0  0  0  0  0  0  0  0
    9.3900   27.9350  -10.2210 H   0  0  0  0  0  0  0  0  0  0  0  0
    9.5110   25.7510  -11.7610 O   0  0  0  0  0  0  0  0  0  0  0  0
   10.0030   26.5290  -12.0300 H   0  0  0  0  0  0  0  0  0  0  0  0
    7.3380   24.0530  -11.5570 C   0  0  0  0  0  0  0  0  0  0  0  0
    7.9160   22.9590  -11.8100 O   0  0  0  0  0  0  0  0  0  0  0  0
    6.3780   24.5320  -12.3470 N   0  0  0  0  0  0  0  0  0  0  0  0
    5.9490   25.4220  -12.1430 H   0  0  0  0  0  0  0  0  0  0  0  0
    5.9600   23.8370  -13.5810 C   0  0  1  0  0  0  0  0  0  0  0  0
    5.4650   22.9110  -13.2880 H   0  0  0  0  0  0  0  0  0  0  0  0
    4.9330   24.6850  -14.3510 C   0  0  0  0  0  0  0  0  0  0  0  0
    4.6980   24.2030  -15.3000 H   0  0  0  0  0  0  0  0  0  0  0  0
    4.0180   24.7590  -13.7630 H   0  0  0  0  0  0  0  0  0  0  0  0
    5.2960   25.6910  -14.5400 H   0  0  0  0  0  0  0  0  0  0  0  0
    7.1470   23.4430  -14.5140 C   0  0  0  0  0  0  0  0  0  0  0  0
    7.2170   22.3110  -15.0600 O   0  0  0  0  0  0  0  0  0  0  0  0
    8.0580   24.3980  -14.7120 N   0  0  0  0  0  0  0  0  0  0  0  0
    8.1100   25.0750  -13.9680 H   0  0  0  0  0  0  0  0  0  0  0  0
    9.3140   24.1760  -15.4400 C   0  0  1  0  0  0  0  0  0  0  0  0
    9.0500   23.7300  -16.4000 H   0  0  0  0  0  0  0  0  0  0  0  0
    9.9910   25.5160  -15.7440 C   0  0  0  0  0  0  0  0  0  0  0  0
   10.2460   26.0150  -14.8070 H   0  0  0  0  0  0  0  0  0  0  0  0
   10.9220   25.3200  -16.2780 H   0  0  0  0  0  0  0  0  0  0  0  0
    9.1540   26.4560  -16.5960 C   0  0  0  0  0  0  0  0  0  0  0  0
    9.7280   27.3650  -16.7820 H   0  0  0  0  0  0  0  0  0  0  0  0
    8.9480   25.9780  -17.5550 H   0  0  0  0  0  0  0  0  0  0  0  0
    7.8420   26.8280  -15.9350 C   0  0  0  0  0  0  0  0  0  0  0  0
    7.5890   26.3590  -14.8060 O   0  0  0  0  0  0  0  0  0  0  0  0
    7.0620   27.5900  -16.5460 O   0  0  0  0  0  0  0  0  0  0  0  0
   10.3260   23.2210  -14.7790 C   0  0  0  0  0  0  0  0  0  0  0  0
   10.9190   22.3800  -15.4520 O   0  0  0  0  0  0  0  0  0  0  0  0
   10.5170   23.3570  -13.4670 N   0  0  0  0  0  0  0  0  0  0  0  0
   10.0050   24.0650  -12.9590 H   0  0  0  0  0  0  0  0  0  0  0  0
   11.4520   22.4900  -12.7040 C   0  0  1  0  0  0  0  0  0  0  0  0
   12.4650   22.6130  -13.0900 H   0  0  0  0  0  0  0  0  0  0  0  0
   11.4340   22.7880  -11.1870 C   0  0  0  0  0  0  0  0  0  0  0  0
   10.4190   22.6660  -10.8180 H   0  0  0  0  0  0  0  0  0  0  0  0
   12.0530   22.0480  -10.6860 H   0  0  0  0  0  0  0  0  0  0  0  0
   11.9490   24.1890  -10.8010 C   0  0  0  0  0  0  0  0  0  0  0  0
   12.7800   24.7150  -11.5450 O   0  0  0  0  0  0  0  0  0  0  0  0
   11.5800   24.6930   -9.6830 O   0  0  0  0  0  0  0  0  0  0  0  0
   11.0200   21.0260  -12.8680 C   0  0  0  0  0  0  0  0  0  0  0  0
   11.8850   20.1350  -12.9250 O   0  0  0  0  0  0  0  0  0  0  0  0
    9.7230   20.7660  -12.9640 N   0  0  0  0  0  0  0  0  0  0  0  0
    9.0560   21.5260  -12.9530 H   0  0  0  0  0  0  0  0  0  0  0  0
    9.2270   19.4010  -12.8170 C   0  0  1  0  0  0  0  0  0  0  0  0
    9.5410   19.0120  -11.8480 H   0  0  0  0  0  0  0  0  0  0  0  0
    7.7010   19.3700  -12.8940 C   0  0  0  0  0  0  0  0  0  0  0  0
    7.3760   19.7240  -13.8740 H   0  0  0  0  0  0  0  0  0  0  0  0
    7.3820   18.3340  -12.7860 H   0  0  0  0  0  0  0  0  0  0  0  0
    7.0080   20.1850  -11.8140 C   0  0  0  0  0  0  0  0  0  0  0  0
    7.3710   19.9660  -10.8130 H   0  0  0  0  0  0  0  0  0  0  0  0
    7.1720   21.1380  -12.1630 H   0  0  0  0  0  0  0  0  0  0  0  0
    5.2110   20.1150  -11.9350 S   0  0  0  0  0  0  0  0  0  0  0  0
    4.7380   21.1500  -10.5520 C   0  0  0  0  0  0  0  0  0  0  0  0
    3.6610   21.0820  -10.3980 H   0  0  0  0  0  0  0  0  0  0  0  0
    5.2560   20.8190   -9.6520 H   0  0  0  0  0  0  0  0  0  0  0  0
    5.0090   22.1850  -10.7630 H   0  0  0  0  0  0  0  0  0  0  0  0
    9.8310   18.5300  -13.9150 C   0  0  0  0  0  0  0  0  0  0  0  0
   10.1850   17.3730  -13.6910 O   0  0  0  0  0  0  0  0  0  0  0  0
    9.9400   19.1130  -15.1020 N   0  0  0  0  0  0  0  0  0  0  0  0
    9.6750   20.0850  -15.1850 H   0  0  0  0  0  0  0  0  0  0  0  0
   10.2400   18.4080  -16.3150 C   0  0  1  0  0  0  0  0  0  0  0  0
    9.4640   17.6600  -16.4810 H   0  0  0  0  0  0  0  0  0  0  0  0
   10.2040   19.4230  -17.5070 C   0  0  0  0  0  0  0  0  0  0  0  0
   11.0160   20.1390  -17.3670 H   0  0  0  0  0  0  0  0  0  0  0  0
   10.4170   18.8640  -18.4190 H   0  0  0  0  0  0  0  0  0  0  0  0
    8.8960   20.2140  -17.7110 C   0  0  0  0  0  0  0  0  0  0  0  0
    8.7430   20.8610  -16.8480 H   0  0  0  0  0  0  0  0  0  0  0  0
    9.0260   21.1040  -18.9510 C   0  0  0  0  0  0  0  0  0  0  0  0
    8.1850   21.7970  -18.9930 H   0  0  0  0  0  0  0  0  0  0  0  0
    9.9480   21.6850  -18.8990 H   0  0  0  0  0  0  0  0  0  0  0  0
    9.0360   20.4960  -19.8570 H   0  0  0  0  0  0  0  0  0  0  0  0
    7.6660   19.3230  -17.8700 C   0  0  0  0  0  0  0  0  0  0  0  0
    6.7880   19.9390  -18.0700 H   0  0  0  0  0  0  0  0  0  0  0  0
    7.8120   18.6210  -18.6910 H   0  0  0  0  0  0  0  0  0  0  0  0
    7.4870   18.7680  -16.9490 H   0  0  0  0  0  0  0  0  0  0  0  0
   11.5260   17.6730  -16.0080 C   0  0  0  0  0  0  0  0  0  0  0  0
   11.5410   16.4490  -16.0050 O   0  0  0  0  0  0  0  0  0  0  0  0
   14.0920   18.0380  -12.9670 N   0  0  0  0  0  0  0  0  0  0  0  0
   13.0200   17.0200  -12.7230 C   0  0  0  0  0  0  0  0  0  0  0  0
   13.2700   16.0760  -13.1900 H   0  0  0  0  0  0  0  0  0  0  0  0
   12.1740   17.4900  -13.1290 H   0  0  0  0  0  0  0  0  0  0  0  0
   12.9210   16.9660  -11.2160 C   0  0  0  0  0  0  0  0  0  0  0  0
   13.5710   16.1700  -10.8530 H   0  0  0  0  0  0  0  0  0  0  0  0
   11.8960   16.7800  -10.8950 H   0  0  0  0  0  0  0  0  0  0  0  0
   13.4280   18.2920  -10.7020 C   0  0  0  0  0  0  0  0  0  0  0  0
   13.8440   18.2030   -9.6970 H   0  0  0  0  0  0  0  0  0  0  0  0
   12.6090   19.0110  -10.6920 H   0  0  0  0  0  0  0  0  0  0  0  0
   14.4960   18.7360  -11.7430 C   0  0  1  0  0  0  0  0  0  0  0  0
   14.4600   19.8180  -11.8780 H   0  0  0  0  0  0  0  0  0  0  0  0
   15.8800   18.3000  -11.2760 C   0  0  0  0  0  0  0  0  0  0  0  0
   16.2280   17.0850  -11.4470 O   0  0  0  0  0  0  0  0  0  0  0  0
   17.0910   18.2170   -7.8300 N   0  0  0  0  0  0  0  0  0  0  0  0
   16.9850   17.2860   -8.2040 H   0  0  0  0  0  0  0  0  0  0  0  0
   16.5640   18.5270   -6.5310 C   0  0  1  0  0  0  0  0  0  0  0  0
   15.8110   19.3030   -6.6770 H   0  0  0  0  0  0  0  0  0  0  0  0
   15.8140   17.3290   -5.9230 C   0  0  0  0  0  0  0  0  0  0  0  0
   16.4440   16.4420   -5.9950 H   0  0  0  0  0  0  0  0  0  0  0  0
   15.6490   17.5180   -4.8610 H   0  0  0  0  0  0  0  0  0  0  0  0
   14.4550   17.0460   -6.5390 C   0  0  0  0  0  0  0  0  0  0  0  0
   13.3770   17.7980   -6.2270 C   0  0  0  0  0  0  0  0  0  0  0  0
   13.4860   18.6110   -5.5270 H   0  0  0  0  0  0  0  0  0  0  0  0
   12.1480   17.5290   -6.7280 C   0  0  0  0  0  0  0  0  0  0  0  0
   11.3070   18.1410   -6.4510 H   0  0  0  0  0  0  0  0  0  0  0  0
   11.9950   16.4840   -7.6450 C   0  0  0  0  0  0  0  0  0  0  0  0
   10.7230   16.2660   -8.1150 O   0  0  0  0  0  0  0  0  0  0  0  0
   10.6940   15.5690   -8.7810 H   0  0  0  0  0  0  0  0  0  0  0  0
   13.0430   15.7030   -8.0020 C   0  0  0  0  0  0  0  0  0  0  0  0
   12.9180   14.8850   -8.6970 H   0  0  0  0  0  0  0  0  0  0  0  0
   14.2960   16.0150   -7.4820 C   0  0  0  0  0  0  0  0  0  0  0  0
   15.1500   15.4220   -7.7740 H   0  0  0  0  0  0  0  0  0  0  0  0
   17.5290   19.0900   -5.5160 C   0  0  0  0  0  0  0  0  0  0  0  0
   17.1180   19.8420   -4.6400 O   0  0  0  0  0  0  0  0  0  0  0  0
   13.5370   10.8030   -1.8770 N   0  0  0  0  0  0  0  0  0  0  0  0
   13.3520    9.8300   -1.6790 H   0  0  0  0  0  0  0  0  0  0  0  0
   12.5040   11.5830   -2.5090 C   0  0  1  0  0  0  0  0  0  0  0  0
   12.9840   12.3700   -3.0720 H   0  0  0  0  0  0  0  0  0  0  0  0
   11.7860   10.7280   -3.5260 C   0  0  0  0  0  0  0  0  0  0  0  0
   11.2840    9.9110   -3.0170 H   0  0  0  0  0  0  0  0  0  0  0  0
   11.0270   11.3300   -4.0260 H   0  0  0  0  0  0  0  0  0  0  0  0
   12.8610   10.0560   -4.7970 S   0  0  0  0  0  0  0  0  0  0  0  0
   13.5380    9.2580   -3.9880 H   0  0  0  0  0  0  0  0  0  0  0  0
   11.5150   12.2620   -1.5540 C   0  0  0  0  0  0  0  0  0  0  0  0
   10.5100   12.8010   -2.0620 O   0  0  0  0  0  0  0  0  0  0  0  0
   -5.8610   11.8490    1.5930 N   0  0  0  0  0  0  0  0  0  0  0  0
   -5.0360   11.6550    1.0440 H   0  0  0  0  0  0  0  0  0  0  0  0
   -5.9630   13.2050    2.1740 C   0  0  1  0  0  0  0  0  0  0  0  0
   -6.9250   13.3190    2.6720 H   0  0  0  0  0  0  0  0  0  0  0  0
   -4.8670   13.4160    3.1850 C   0  0  0  0  0  0  0  0  0  0  0  0
   -3.9030   13.3420    2.6810 H   0  0  0  0  0  0  0  0  0  0  0  0
   -4.9600   14.4240    3.5910 H   0  0  0  0  0  0  0  0  0  0  0  0
   -4.8650   12.2740    4.5600 S   0  0  0  0  0  0  0  0  0  0  0  0
   -4.5900   11.1600    3.8340 H   0  0  0  0  0  0  0  0  0  0  0  0
   -5.8300   14.3100    1.0930 C   0  0  0  0  0  0  0  0  0  0  0  0
   -5.1780   14.1460    0.0650 O   0  0  0  0  0  0  0  0  0  0  0  0
   -6.4980   15.4640    1.3190 N   0  0  0  0  0  0  0  0  0  0  0  0
   -7.0420   15.5520    2.1680 H   0  0  0  0  0  0  0  0  0  0  0  0
   -6.3970   16.6320    0.4780 C   0  0  1  0  0  0  0  0  0  0  0  0
   -5.5060   16.5810   -0.1500 H   0  0  0  0  0  0  0  0  0  0  0  0
   -7.6330   16.7490   -0.4040 C   0  0  0  0  0  0  0  0  0  0  0  0
   -8.5330   16.7860    0.2130 H   0  0  0  0  0  0  0  0  0  0  0  0
   -7.5760   17.6680   -0.9900 H   0  0  0  0  0  0  0  0  0  0  0  0
   -7.6970   15.5450   -1.3460 C   0  0  0  0  0  0  0  0  0  0  0  0
   -7.0490   15.5670   -2.5740 C   0  0  0  0  0  0  0  0  0  0  0  0
   -6.5340   16.4640   -2.8850 H   0  0  0  0  0  0  0  0  0  0  0  0
   -7.0200   14.4560   -3.4010 C   0  0  0  0  0  0  0  0  0  0  0  0
   -6.4990   14.5050   -4.3430 H   0  0  0  0  0  0  0  0  0  0  0  0
   -7.6560   13.2930   -3.0170 C   0  0  0  0  0  0  0  0  0  0  0  0
   -7.6170   12.1620   -3.8460 O   0  0  0  0  0  0  0  0  0  0  0  0
   -8.1610   11.4400   -3.5140 H   0  0  0  0  0  0  0  0  0  0  0  0
   -8.3640   13.2420   -1.7800 C   0  0  0  0  0  0  0  0  0  0  0  0
   -8.8710   12.3410   -1.4670 H   0  0  0  0  0  0  0  0  0  0  0  0
   -8.3250   14.3670   -0.9500 C   0  0  0  0  0  0  0  0  0  0  0  0
   -8.8150   14.3290    0.0100 H   0  0  0  0  0  0  0  0  0  0  0  0
   -6.2880   17.8200    1.4120 C   0  0  0  0  0  0  0  0  0  0  0  0
   -6.9510   17.8440    2.4400 O   0  0  0  0  0  0  0  0  0  0  0  0
   -5.3290   18.7110    1.1270 N   0  0  0  0  0  0  0  0  0  0  0  0
   -4.7670   18.6050    0.2950 H   0  0  0  0  0  0  0  0  0  0  0  0
   -5.1620   19.9160    1.9400 C   0  0  1  0  0  0  0  0  0  0  0  0
   -4.3150   20.4800    1.5470 H   0  0  0  0  0  0  0  0  0  0  0  0
   -6.4380   20.7730    1.8210 C   0  0  0  0  0  0  0  0  0  0  0  0
   -7.3000   20.2750    2.2640 H   0  0  0  0  0  0  0  0  0  0  0  0
   -6.2940   21.7060    2.3670 H   0  0  0  0  0  0  0  0  0  0  0  0
   -6.7090   21.1460    0.4160 C   0  0  0  0  0  0  0  0  0  0  0  0
   -5.8380   21.6980   -0.2610 O   0  0  0  0  0  0  0  0  0  0  0  0
   -7.8780   20.7680   -0.0740 N   0  0  0  0  0  0  0  0  0  0  0  0
   -8.0980   20.9790   -1.0350 H   0  0  0  0  0  0  0  0  0  0  0  0
   -8.5440   20.2970    0.5190 H   0  0  0  0  0  0  0  0  0  0  0  0
   -4.8990   19.6530    3.4270 C   0  0  0  0  0  0  0  0  0  0  0  0
   -5.3730   20.3800    4.2960 O   0  0  0  0  0  0  0  0  0  0  0  0
   -4.6040    2.3920   -6.8590 N   0  0  0  0  0  0  0  0  0  0  0  0
   -3.8440    2.7890   -7.3940 H   0  0  0  0  0  0  0  0  0  0  0  0
   -5.3400    3.2540   -5.9560 C   0  0  0  0  0  0  0  0  0  0  0  0
   -5.7060    2.6810   -5.1050 H   0  0  0  0  0  0  0  0  0  0  0  0
   -4.6310    3.9790   -5.5540 H   0  0  0  0  0  0  0  0  0  0  0  0
   -6.4820    4.0110   -6.5360 C   0  0  0  0  0  0  0  0  0  0  0  0
   -6.9040    3.8010   -7.6870 O   0  0  0  0  0  0  0  0  0  0  0  0
   -6.9670    4.9450   -5.7280 N   0  0  0  0  0  0  0  0  0  0  0  0
   -6.5690    5.0170   -4.8030 H   0  0  0  0  0  0  0  0  0  0  0  0
   -7.9500    6.0020   -6.1150 C   0  0  1  0  0  0  0  0  0  0  0  0
   -7.9980    6.0750   -7.2030 H   0  0  0  0  0  0  0  0  0  0  0  0
   -9.2890    5.6450   -5.6040 C   0  0  0  0  0  0  0  0  0  0  0  0
   -9.5400    4.6480   -5.9680 H   0  0  0  0  0  0  0  0  0  0  0  0
   -9.2510    5.5960   -4.5150 H   0  0  0  0  0  0  0  0  0  0  0  0
  -10.3250    6.5010   -5.9690 O   0  0  0  0  0  0  0  0  0  0  0  0
  -10.4910    6.3960   -6.9110 H   0  0  0  0  0  0  0  0  0  0  0  0
   -7.4900    7.3470   -5.5280 C   0  0  0  0  0  0  0  0  0  0  0  0
   -7.5500    7.6070   -4.3150 O   0  0  0  0  0  0  0  0  0  0  0  0
   -6.8590    8.1160   -6.3730 N   0  0  0  0  0  0  0  0  0  0  0  0
   -6.7760    7.8550   -7.3460 H   0  0  0  0  0  0  0  0  0  0  0  0
   -6.2360    9.3560   -5.9360 C   0  0  1  0  0  0  0  0  0  0  0  0
   -6.5880    9.6950   -4.9620 H   0  0  0  0  0  0  0  0  0  0  0  0
   -4.6960    9.1180   -5.9340 C   0  0  0  0  0  0  0  0  0  0  0  0
   -4.4150    8.6480   -6.8760 H   0  0  0  0  0  0  0  0  0  0  0  0
   -4.1940   10.0800   -5.9230 H   0  0  0  0  0  0  0  0  0  0  0  0
   -4.1820    8.3420   -4.8020 C   0  0  0  0  0  0  0  0  0  0  0  0
   -4.4190    8.7090   -3.4710 C   0  0  0  0  0  0  0  0  0  0  0  0
   -5.0370    9.5660   -3.2490 H   0  0  0  0  0  0  0  0  0  0  0  0
   -3.8000    8.0340   -2.4250 C   0  0  0  0  0  0  0  0  0  0  0  0
   -3.9410    8.3530   -1.4030 H   0  0  0  0  0  0  0  0  0  0  0  0
   -3.0400    6.9070   -2.7200 C   0  0  0  0  0  0  0  0  0  0  0  0
   -2.5720    6.3420   -1.9280 H   0  0  0  0  0  0  0  0  0  0  0  0
   -2.8950    6.5050   -4.0000 C   0  0  0  0  0  0  0  0  0  0  0  0
   -2.3130    5.6280   -4.2210 H   0  0  0  0  0  0  0  0  0  0  0  0
   -3.3910    7.2530   -5.0650 C   0  0  0  0  0  0  0  0  0  0  0  0
   -3.2110    6.9470   -6.0660 H   0  0  0  0  0  0  0  0  0  0  0  0
   -6.4890   10.4350   -6.9860 C   0  0  0  0  0  0  0  0  0  0  0  0
   -6.4920   10.1710   -8.1910 O   0  0  0  0  0  0  0  0  0  0  0  0
   -6.6480   11.6780   -6.5040 N   0  0  0  0  0  0  0  0  0  0  0  0
   -6.6160   11.8370   -5.5080 H   0  0  0  0  0  0  0  0  0  0  0  0
   -6.8490   12.8170   -7.3640 C   0  0  1  0  0  0  0  0  0  0  0  0
   -6.8800   12.5250   -8.4140 H   0  0  0  0  0  0  0  0  0  0  0  0
   -8.1590   13.5410   -7.0020 C   0  0  0  0  0  0  0  0  0  0  0  0
   -8.0770   13.9150   -5.9830 H   0  0  0  0  0  0  0  0  0  0  0  0
   -8.3000   14.4020   -7.6570 H   0  0  0  0  0  0  0  0  0  0  0  0
   -9.3720   12.6190   -7.0900 C   0  0  0  0  0  0  0  0  0  0  0  0
   -9.2050   11.6840   -6.5560 H   0  0  0  0  0  0  0  0  0  0  0  0
  -10.5760   13.3040   -6.4470 C   0  0  0  0  0  0  0  0  0  0  0  0
  -11.4480   12.6520   -6.5080 H   0  0  0  0  0  0  0  0  0  0  0  0
  -10.3680   13.5080   -5.3960 H   0  0  0  0  0  0  0  0  0  0  0  0
  -10.7940   14.2420   -6.9580 H   0  0  0  0  0  0  0  0  0  0  0  0
   -9.6640   12.3230   -8.5630 C   0  0  0  0  0  0  0  0  0  0  0  0
  -10.6490   11.8650   -8.6620 H   0  0  0  0  0  0  0  0  0  0  0  0
   -9.6420   13.2370   -9.1570 H   0  0  0  0  0  0  0  0  0  0  0  0
   -8.9270   11.6210   -8.9550 H   0  0  0  0  0  0  0  0  0  0  0  0
   -5.6890   13.8030   -7.1750 C   0  0  0  0  0  0  0  0  0  0  0  0
   -4.9260   13.6800   -6.2460 O   0  0  0  0  0  0  0  0  0  0  0  0
   -5.5580   14.8160   -8.0330 N   0  0  0  0  0  0  0  0  0  0  0  0
   -6.1930   14.9200   -8.8110 H   0  0  0  0  0  0  0  0  0  0  0  0
   -4.5970   15.9040   -7.7270 C   0  0  1  0  0  0  0  0  0  0  0  0
   -3.6030   15.4540   -7.7660 H   0  0  0  0  0  0  0  0  0  0  0  0
   -4.6450   17.0150   -8.7980 C   0  0  0  0  0  0  0  0  0  0  0  0
   -4.6600   16.5590   -9.7890 H   0  0  0  0  0  0  0  0  0  0  0  0
   -5.5660   17.5870   -8.6760 H   0  0  0  0  0  0  0  0  0  0  0  0
   -3.4260   17.9550   -8.7350 C   0  0  0  0  0  0  0  0  0  0  0  0
   -2.3000   17.5490   -8.3930 O   0  0  0  0  0  0  0  0  0  0  0  0
   -3.6510   19.2080   -9.0350 N   0  0  0  0  0  0  0  0  0  0  0  0
   -2.8850   19.8630   -9.0210 H   0  0  0  0  0  0  0  0  0  0  0  0
   -4.5780   19.5080   -9.2970 H   0  0  0  0  0  0  0  0  0  0  0  0
   -4.8220   16.4480   -6.3280 C   0  0  0  0  0  0  0  0  0  0  0  0
   -5.9700   16.6720   -5.8320 O   0  0  0  0  0  0  0  0  0  0  0  0
   -3.7100   16.6480   -5.6080 N   0  0  0  0  0  0  0  0  0  0  0  0
   -2.8130   16.4670   -6.0340 H   0  0  0  0  0  0  0  0  0  0  0  0
   -3.7330   17.1680   -4.2340 C   0  0  0  0  0  0  0  0  0  0  0  0
   -2.9300   17.8990   -4.1340 H   0  0  0  0  0  0  0  0  0  0  0  0
   -4.6760   17.6760   -4.0310 H   0  0  0  0  0  0  0  0  0  0  0  0
   -3.5240   16.0910   -3.1890 C   0  0  0  0  0  0  0  0  0  0  0  0
   -3.3770   16.3430   -2.0080 O   0  0  0  0  0  0  0  0  0  0  0  0
   -3.5680   14.8180   -3.6830 N   0  0  0  0  0  0  0  0  0  0  0  0
   -3.7390   14.6420   -4.6630 H   0  0  0  0  0  0  0  0  0  0  0  0
   -3.4160   13.6940   -2.7810 C   0  0  1  0  0  0  0  0  0  0  0  0
   -3.9120   13.9270   -1.8490 H   0  0  0  0  0  0  0  0  0  0  0  0
   -4.1090   12.4400   -3.3760 C   0  0  0  0  0  0  0  0  0  0  0  0
   -4.0620   11.6170   -2.6620 H   0  0  0  0  0  0  0  0  0  0  0  0
   -5.1480   12.6650   -3.5790 H   0  0  0  0  0  0  0  0  0  0  0  0
   -3.4880   12.0550   -4.5840 O   0  0  0  0  0  0  0  0  0  0  0  0
   -4.1660   11.7630   -5.1990 H   0  0  0  0  0  0  0  0  0  0  0  0
   -1.9920   13.2970   -2.4610 C   0  0  0  0  0  0  0  0  0  0  0  0
   -1.7660   12.5010   -1.5310 O   0  0  0  0  0  0  0  0  0  0  0  0
   -1.0310   13.9330   -3.0750 N   0  0  0  0  0  0  0  0  0  0  0  0
   -1.2380   14.6180   -3.7860 H   0  0  0  0  0  0  0  0  0  0  0  0
    0.3820   13.6570   -2.6940 C   0  0  1  0  0  0  0  0  0  0  0  0
    0.5740   12.6190   -2.9490 H   0  0  0  0  0  0  0  0  0  0  0  0
    1.3090   14.5400   -3.5200 C   0  0  0  0  0  0  0  0  0  0  0  0
    1.0080   15.5840   -3.4180 H   0  0  0  0  0  0  0  0  0  0  0  0
    2.3210   14.4390   -3.1370 H   0  0  0  0  0  0  0  0  0  0  0  0
    1.3390   14.0910   -5.2500 S   0  0  0  0  0  0  0  0  0  0  0  0
    0.1510   14.6120   -5.5660 H   0  0  0  0  0  0  0  0  0  0  0  0
    0.6090   13.8560   -1.2090 C   0  0  0  0  0  0  0  0  0  0  0  0
    0.1290   14.8800   -0.5770 O   0  0  0  0  0  0  0  0  0  0  0  0
    1.4290   12.9780   -0.6650 N   0  0  0  0  0  0  0  0  0  0  0  0
    1.8300   12.2320   -1.2160 H   0  0  0  0  0  0  0  0  0  0  0  0
    1.6100   12.9780    0.7690 C   0  0  0  0  0  0  0  0  0  0  0  0
    2.6410   12.6840    0.9590 H   0  0  0  0  0  0  0  0  0  0  0  0
    1.5040   13.9860    1.1470 H   0  0  0  0  0  0  0  0  0  0  0  0
    0.7320   12.0720    1.6090 C   0  0  0  0  0  0  0  0  0  0  0  0
    0.9990   11.8240    2.7660 O   0  0  0  0  0  0  0  0  0  0  0  0
   -0.3390   11.6020    0.9800 N   0  0  0  0  0  0  0  0  0  0  0  0
   -0.5110   11.8810    0.0250 H   0  0  0  0  0  0  0  0  0  0  0  0
   -1.2000   10.5380    1.5490 C   0  0  1  0  0  0  0  0  0  0  0  0
   -1.6430   10.9140    2.4730 H   0  0  0  0  0  0  0  0  0  0  0  0
   -2.3250   10.1500    0.6180 C   0  0  0  0  0  0  0  0  0  0  0  0
   -1.9040    9.8170   -0.3320 H   0  0  0  0  0  0  0  0  0  0  0  0
   -2.8750    9.3150    1.0480 H   0  0  0  0  0  0  0  0  0  0  0  0
   -3.2430   11.2240    0.3620 O   0  0  0  0  0  0  0  0  0  0  0  0
   -2.8120   11.8500   -0.2300 H   0  0  0  0  0  0  0  0  0  0  0  0
   -0.3920    9.3050    1.8700 C   0  0  0  0  0  0  0  0  0  0  0  0
    0.5680    9.0020    1.1450 O   0  0  0  0  0  0  0  0  0  0  0  0
    4.0040    3.5560    2.8690 N   0  0  0  0  0  0  0  0  0  0  0  0
    3.4020    3.8550    3.6230 H   0  0  0  0  0  0  0  0  0  0  0  0
    3.8140    4.1330    1.5180 C   0  0  1  0  0  0  0  0  0  0  0  0
    4.6960    3.9960    0.9080 H   0  0  0  0  0  0  0  0  0  0  0  0
    2.6500    3.5230    0.8040 C   0  0  0  0  0  0  0  0  0  0  0  0
    2.8240    2.4510    0.7010 H   0  0  0  0  0  0  0  0  0  0  0  0
    1.7530    3.6520    1.4010 H   0  0  0  0  0  0  0  0  0  0  0  0
    2.4160    4.1190   -0.6080 C   0  0  0  0  0  0  0  0  0  0  0  0
    3.1020    3.6880   -1.7050 C   0  0  0  0  0  0  0  0  0  0  0  0
    3.8710    2.9360   -1.6000 H   0  0  0  0  0  0  0  0  0  0  0  0
    2.8220    4.1960   -2.9340 C   0  0  0  0  0  0  0  0  0  0  0  0
    3.3730    3.8400   -3.7920 H   0  0  0  0  0  0  0  0  0  0  0  0
    1.8710    5.1410   -3.0920 C   0  0  0  0  0  0  0  0  0  0  0  0
    1.5970    5.6250   -4.3910 O   0  0  0  0  0  0  0  0  0  0  0  0
    2.0490    5.1350   -5.0790 H   0  0  0  0  0  0  0  0  0  0  0  0
    1.1250    5.5260   -2.0060 C   0  0  0  0  0  0  0  0  0  0  0  0
    0.3110    6.2190   -2.1310 H   0  0  0  0  0  0  0  0  0  0  0  0
    1.4300    5.0360   -0.7710 C   0  0  0  0  0  0  0  0  0  0  0  0
    0.8480    5.3610    0.0800 H   0  0  0  0  0  0  0  0  0  0  0  0
    3.5190    5.5870    1.7330 C   0  0  0  0  0  0  0  0  0  0  0  0
    2.7910    6.0140    2.6290 O   0  0  0  0  0  0  0  0  0  0  0  0
    2.3310    8.7720   -1.0910 N   0  0  0  0  0  0  0  0  0  0  0  0
    1.6740    9.0560   -0.3780 H   0  0  0  0  0  0  0  0  0  0  0  0
    1.9490    8.8880   -2.4920 C   0  0  1  0  0  0  0  0  0  0  0  0
    2.1900    7.9640   -3.0190 H   0  0  0  0  0  0  0  0  0  0  0  0
    0.3970    9.1180   -2.5470 C   0  0  0  0  0  0  0  0  0  0  0  0
   -0.1230    8.3130   -2.0310 H   0  0  0  0  0  0  0  0  0  0  0  0
    0.1430   10.0430   -2.0270 H   0  0  0  0  0  0  0  0  0  0  0  0
   -0.0990    9.1980   -3.9240 C   0  0  0  0  0  0  0  0  0  0  0  0
    0.1550    8.1640   -4.7980 N   0  0  0  0  0  0  0  0  0  0  0  0
   -0.3800    8.4620   -5.9650 C   0  0  0  0  0  0  0  0  0  0  0  0
   -0.2960    7.9080   -6.8820 H   0  0  0  0  0  0  0  0  0  0  0  0
   -0.9950    9.6390   -5.8300 N   0  0  0  0  0  0  0  0  0  0  0  0
   -1.4930   10.1190   -6.5670 H   0  0  0  0  0  0  0  0  0  0  0  0
   -0.8750   10.0760   -4.5760 C   0  0  0  0  0  0  0  0  0  0  0  0
   -1.2690   10.9930   -4.1700 H   0  0  0  0  0  0  0  0  0  0  0  0
    2.5880   10.0640   -3.1900 C   0  0  0  0  0  0  0  0  0  0  0  0
    2.4090   11.2070   -2.7280 O   0  0  0  0  0  0  0  0  0  0  0  0
    3.2560    9.7740   -4.3070 N   0  0  0  0  0  0  0  0  0  0  0  0
    3.3060    8.8090   -4.6030 H   0  0  0  0  0  0  0  0  0  0  0  0
    3.8410   10.7750   -5.1940 C   0  0  1  0  0  0  0  0  0  0  0  0
    3.8990   11.7140   -4.6420 H   0  0  0  0  0  0  0  0  0  0  0  0
    5.2830   10.3500   -5.4640 C   0  0  0  0  0  0  0  0  0  0  0  0
    5.3150    9.3090   -5.7840 H   0  0  0  0  0  0  0  0  0  0  0  0
    5.6710   10.9500   -6.2890 H   0  0  0  0  0  0  0  0  0  0  0  0
    6.1980   10.5520   -4.3090 C   0  0  0  0  0  0  0  0  0  0  0  0
    7.2830   11.3730   -4.1690 N   0  0  0  0  0  0  0  0  0  0  0  0
    7.6770   11.9720   -4.8790 H   0  0  0  0  0  0  0  0  0  0  0  0
    7.8230   11.1370   -2.9290 C   0  0  0  0  0  0  0  0  0  0  0  0
    8.7120   11.5790   -2.5370 H   0  0  0  0  0  0  0  0  0  0  0  0
    7.1330   10.1800   -2.3380 N   0  0  0  0  0  0  0  0  0  0  0  0
    6.1330    9.8420   -3.1300 C   0  0  0  0  0  0  0  0  0  0  0  0
    5.4420    9.0540   -2.9670 H   0  0  0  0  0  0  0  0  0  0  0  0
    3.1390   11.1280   -6.5310 C   0  0  0  0  0  0  0  0  0  0  0  0
    3.0340   12.3060   -6.8730 O   0  0  0  0  0  0  0  0  0  0  0  0
    2.6790   10.1250   -7.2860 N   0  0  0  0  0  0  0  0  0  0  0  0
    2.7600    9.1730   -6.9550 H   0  0  0  0  0  0  0  0  0  0  0  0
    2.2140   10.3370   -8.6360 C   0  0  1  0  0  0  0  0  0  0  0  0
    1.6370   11.2640   -8.6440 H   0  0  0  0  0  0  0  0  0  0  0  0
    3.4450   10.5590   -9.5270 C   0  0  0  0  0  0  0  0  0  0  0  0
    3.1320   10.8240  -10.5380 H   0  0  0  0  0  0  0  0  0  0  0  0
    4.0140   11.4060   -9.1410 H   0  0  0  0  0  0  0  0  0  0  0  0
    4.3400    9.3740   -9.5980 C   0  0  0  0  0  0  0  0  0  0  0  0
    4.4750    8.9210   -8.6160 H   0  0  0  0  0  0  0  0  0  0  0  0
    3.8970    8.6400  -10.2720 H   0  0  0  0  0  0  0  0  0  0  0  0
    5.9850    9.8940  -10.2190 S   0  0  0  0  0  0  0  0  0  0  0  0
    6.4260    8.3060  -10.7450 C   0  0  0  0  0  0  0  0  0  0  0  0
    7.4060    8.3500  -11.2170 H   0  0  0  0  0  0  0  0  0  0  0  0
    6.4660    7.6330   -9.8890 H   0  0  0  0  0  0  0  0  0  0  0  0
    5.7020    7.9390  -11.4720 H   0  0  0  0  0  0  0  0  0  0  0  0
    1.3510    9.3010   -9.1940 C   0  0  0  0  0  0  0  0  0  0  0  0
    1.3110    8.1540   -8.7920 O   0  0  0  0  0  0  0  0  0  0  0  0
    0.6660    9.7160  -10.2610 N   0  0  0  0  0  0  0  0  0  0  0  0
    0.7460   10.6650  -10.5950 H   0  0  0  0  0  0  0  0  0  0  0  0
   -0.0850    8.7390  -11.0660 C   0  0  1  0  0  0  0  0  0  0  0  0
   -0.1940    7.7920  -10.5410 H   0  0  0  0  0  0  0  0  0  0  0  0
   -1.4990    9.2900  -11.3070 C   0  0  0  0  0  0  0  0  0  0  0  0
   -1.9360    9.5200  -10.3340 H   0  0  0  0  0  0  0  0  0  0  0  0
   -1.4350   10.2250  -11.8660 H   0  0  0  0  0  0  0  0  0  0  0  0
   -2.4510    8.3600  -12.0290 C   0  0  0  0  0  0  0  0  0  0  0  0
   -2.1170    8.2650  -13.0540 H   0  0  0  0  0  0  0  0  0  0  0  0
   -2.4060    7.3780  -11.5620 H   0  0  0  0  0  0  0  0  0  0  0  0
   -3.9280    8.8020  -12.0360 C   0  0  0  0  0  0  0  0  0  0  0  0
   -4.3910    9.0080  -13.2180 O   0  0  0  0  0  0  0  0  0  0  0  0
   -4.4960    8.9260  -10.8970 O   0  0  0  0  0  0  0  0  0  0  0  0
    0.6000    8.4680  -12.4260 C   0  0  0  0  0  0  0  0  0  0  0  0
    0.9580    9.4090  -13.1710 O   0  0  0  0  0  0  0  0  0  0  0  0
    0.7200    7.2270  -12.8420 N   0  0  0  0  0  0  0  0  0  0  0  0
    0.3660    6.4650  -12.2810 H   0  0  0  0  0  0  0  0  0  0  0  0
    1.3190    6.9460  -14.1440 C   0  0  1  0  0  0  0  0  0  0  0  0
    2.1520    7.6210  -14.3400 H   0  0  0  0  0  0  0  0  0  0  0  0
    1.7930    5.5160  -14.1340 C   0  0  0  0  0  0  0  0  0  0  0  0
    0.9120    4.8750  -14.0900 H   0  0  0  0  0  0  0  0  0  0  0  0
    2.3060    5.2810  -15.0590 H   0  0  0  0  0  0  0  0  0  0  0  0
    2.6950    5.1300  -13.0250 C   0  0  0  0  0  0  0  0  0  0  0  0
    2.1740    5.1600  -12.0670 H   0  0  0  0  0  0  0  0  0  0  0  0
    3.1740    3.7050  -13.2900 C   0  0  0  0  0  0  0  0  0  0  0  0
    3.6850    3.3270  -12.4050 H   0  0  0  0  0  0  0  0  0  0  0  0
    2.3440    3.0460  -13.5290 H   0  0  0  0  0  0  0  0  0  0  0  0
    3.8690    3.6900  -14.1310 H   0  0  0  0  0  0  0  0  0  0  0  0
    3.8920    6.0680  -13.0040 C   0  0  0  0  0  0  0  0  0  0  0  0
    4.6310    5.6950  -12.2940 H   0  0  0  0  0  0  0  0  0  0  0  0
    4.3520    6.1280  -13.9910 H   0  0  0  0  0  0  0  0  0  0  0  0
    3.5960    7.0650  -12.6770 H   0  0  0  0  0  0  0  0  0  0  0  0
    0.2410    7.1010  -15.2050 C   0  0  0  0  0  0  0  0  0  0  0  0
   -0.9540    7.2350  -14.8440 O   0  0  0  0  0  0  0  0  0  0  0  0
   -2.9640    5.0700  -15.1820 N   0  0  0  0  0  0  0  0  0  0  0  0
   -2.1620    5.6750  -15.2840 H   0  0  0  0  0  0  0  0  0  0  0  0
   -3.8880    5.3660  -14.1420 C   0  0  0  0  0  0  0  0  0  0  0  0
   -3.8290    6.4420  -13.9760 H   0  0  0  0  0  0  0  0  0  0  0  0
   -4.9010    5.1660  -14.4920 H   0  0  0  0  0  0  0  0  0  0  0  0
   -3.7260    4.7080  -12.7800 C   0  0  0  0  0  0  0  0  0  0  0  0
   -4.5370    4.8900  -11.9060 O   0  0  0  0  0  0  0  0  0  0  0  0
   -2.6510    3.9210  -12.6830 N   0  0  0  0  0  0  0  0  0  0  0  0
   -2.0880    3.8180  -13.5140 H   0  0  0  0  0  0  0  0  0  0  0  0
   -2.0920    3.3430  -11.4570 C   0  0  1  0  0  0  0  0  0  0  0  0
   -2.9130    3.0930  -10.7830 H   0  0  0  0  0  0  0  0  0  0  0  0
   -1.3010    2.0550  -11.7500 C   0  0  0  0  0  0  0  0  0  0  0  0
   -0.8530    1.6830  -10.8280 H   0  0  0  0  0  0  0  0  0  0  0  0
   -2.2340    0.9640  -12.2520 C   0  0  0  0  0  0  0  0  0  0  0  0
   -1.7080    0.0090  -12.2730 H   0  0  0  0  0  0  0  0  0  0  0  0
   -3.0960    0.8870  -11.5920 H   0  0  0  0  0  0  0  0  0  0  0  0
   -2.5860    1.2010  -13.2570 H   0  0  0  0  0  0  0  0  0  0  0  0
   -0.1970    2.3280  -12.7590 C   0  0  0  0  0  0  0  0  0  0  0  0
    0.0130    1.4410  -13.3580 H   0  0  0  0  0  0  0  0  0  0  0  0
   -0.4120    3.1820  -13.3880 H   0  0  0  0  0  0  0  0  0  0  0  0
    0.6980    2.5690  -12.1880 H   0  0  0  0  0  0  0  0  0  0  0  0
   -1.1820    4.3340  -10.7220 C   0  0  0  0  0  0  0  0  0  0  0  0
   -0.8620    5.3970  -11.2550 O   0  0  0  0  0  0  0  0  0  0  0  0
   -0.7780    3.9960   -9.4970 N   0  0  0  0  0  0  0  0  0  0  0  0
   -1.0480    3.1100   -9.1090 H   0  0  0  0  0  0  0  0  0  0  0  0
   -0.0520    4.9570   -8.6330 C   0  0  1  0  0  0  0  0  0  0  0  0
    0.0730    5.9050   -9.1550 H   0  0  0  0  0  0  0  0  0  0  0  0
   -0.9520    5.2150   -7.4370 C   0  0  0  0  0  0  0  0  0  0  0  0
   -1.0950    4.2830   -6.9020 H   0  0  0  0  0  0  0  0  0  0  0  0
   -0.4900    5.9100   -6.7460 H   0  0  0  0  0  0  0  0  0  0  0  0
   -2.2780    5.7030   -7.8910 C   0  0  0  0  0  0  0  0  0  0  0  0
   -3.4180    5.0100   -7.9830 N   0  0  0  0  0  0  0  0  0  0  0  0
   -4.3430    5.8240   -8.5970 C   0  0  0  0  0  0  0  0  0  0  0  0
   -5.3530    5.5410   -8.8570 H   0  0  0  0  0  0  0  0  0  0  0  0
   -3.7850    6.9810   -8.8850 N   0  0  0  0  0  0  0  0  0  0  0  0
   -4.2210    7.7250   -9.4190 H   0  0  0  0  0  0  0  0  0  0  0  0
   -2.5130    6.9280   -8.5070 C   0  0  0  0  0  0  0  0  0  0  0  0
   -1.7760    7.6980   -8.6750 H   0  0  0  0  0  0  0  0  0  0  0  0
    1.3270    4.4930   -8.1890 C   0  0  0  0  0  0  0  0  0  0  0  0
    1.6330    3.2920   -8.1050 O   0  0  0  0  0  0  0  0  0  0  0  0
    2.1780    5.4650   -7.9860 N   0  0  0  0  0  0  0  0  0  0  0  0
    1.8760    6.4240   -8.0910 H   0  0  0  0  0  0  0  0  0  0  0  0
    3.6130    5.2160   -7.5680 C   0  0  1  0  0  0  0  0  0  0  0  0
    3.7290    4.1860   -7.2260 H   0  0  0  0  0  0  0  0  0  0  0  0
    4.5690    5.4400   -8.7460 C   0  0  0  0  0  0  0  0  0  0  0  0
    5.6010    5.3100   -8.4190 H   0  0  0  0  0  0  0  0  0  0  0  0
    4.3540    4.7180   -9.5350 H   0  0  0  0  0  0  0  0  0  0  0  0
    4.4410    6.4470   -9.1430 H   0  0  0  0  0  0  0  0  0  0  0  0
    3.9930    6.1390   -6.4440 C   0  0  0  0  0  0  0  0  0  0  0  0
    3.5430    7.2940   -6.3590 O   0  0  0  0  0  0  0  0  0  0  0  0
   11.5700    5.1130   -3.8500 N   0  0  0  0  0  0  0  0  0  0  0  0
   12.2840    5.6610   -4.3050 H   0  0  0  0  0  0  0  0  0  0  0  0
   10.4470    4.6450   -4.6410 C   0  0  1  0  0  0  0  0  0  0  0  0
    9.5420    5.0820   -4.2220 H   0  0  0  0  0  0  0  0  0  0  0  0
   10.5170    5.0700   -6.0800 C   0  0  0  0  0  0  0  0  0  0  0  0
   11.5590    5.1280   -6.3980 H   0  0  0  0  0  0  0  0  0  0  0  0
   10.0430    4.3110   -6.7060 H   0  0  0  0  0  0  0  0  0  0  0  0
    9.8480    6.3550   -6.3480 C   0  0  0  0  0  0  0  0  0  0  0  0
    8.4900    6.3570   -6.6910 C   0  0  0  0  0  0  0  0  0  0  0  0
    7.9550    5.4240   -6.7960 H   0  0  0  0  0  0  0  0  0  0  0  0
    7.8010    7.5580   -6.8470 C   0  0  0  0  0  0  0  0  0  0  0  0
    6.7490    7.5410   -7.0900 H   0  0  0  0  0  0  0  0  0  0  0  0
    8.4430    8.7440   -6.7360 C   0  0  0  0  0  0  0  0  0  0  0  0
    7.9160    9.6730   -6.8900 H   0  0  0  0  0  0  0  0  0  0  0  0
    9.7820    8.7380   -6.4610 C   0  0  0  0  0  0  0  0  0  0  0  0
   10.3060    9.6780   -6.3760 H   0  0  0  0  0  0  0  0  0  0  0  0
   10.4490    7.5980   -6.2070 C   0  0  0  0  0  0  0  0  0  0  0  0
   11.4950    7.6490   -5.9420 H   0  0  0  0  0  0  0  0  0  0  0  0
   10.3090    3.1580   -4.5220 C   0  0  0  0  0  0  0  0  0  0  0  0
   11.3210    2.4110   -4.4800 O   0  0  0  0  0  0  0  0  0  0  0  0
   10.8290    7.5150  -10.9510 N   0  0  0  0  0  0  0  0  0  0  0  0
   10.1990    7.5740  -11.7390 H   0  0  0  0  0  0  0  0  0  0  0  0
   11.5200    8.7280  -10.5940 C   0  0  1  0  0  0  0  0  0  0  0  0
   11.9360    8.5860   -9.5950 H   0  0  0  0  0  0  0  0  0  0  0  0
   12.7090    9.1560  -11.5140 C   0  0  0  0  0  0  0  0  0  0  0  0
   13.1460   10.0730  -11.1160 H   0  0  0  0  0  0  0  0  0  0  0  0
   13.7790    8.0640  -11.4900 C   0  0  0  0  0  0  0  0  0  0  0  0
   14.6550    8.3930  -12.0500 H   0  0  0  0  0  0  0  0  0  0  0  0
   14.0800    7.8640  -10.4610 H   0  0  0  0  0  0  0  0  0  0  0  0
   13.4010    7.1430  -11.9360 H   0  0  0  0  0  0  0  0  0  0  0  0
   12.3160    9.3980  -12.9550 C   0  0  0  0  0  0  0  0  0  0  0  0
   13.1950    9.6830  -13.5330 H   0  0  0  0  0  0  0  0  0  0  0  0
   11.8880    8.4940  -13.3890 H   0  0  0  0  0  0  0  0  0  0  0  0
   11.5840   10.2020  -13.0140 H   0  0  0  0  0  0  0  0  0  0  0  0
   10.4850    9.8480  -10.4770 C   0  0  0  0  0  0  0  0  0  0  0  0
    9.5000    9.8890  -11.2170 O   0  0  0  0  0  0  0  0  0  0  0  0
   10.7770   10.7990   -9.6260 N   0  0  0  0  0  0  0  0  0  0  0  0
   11.6300   10.7500   -9.0850 H   0  0  0  0  0  0  0  0  0  0  0  0
    9.8550   11.9420   -9.3670 C   0  0  1  0  0  0  0  0  0  0  0  0
    8.8370   11.6080   -9.5780 H   0  0  0  0  0  0  0  0  0  0  0  0
    9.8540   12.3370   -7.8800 C   0  0  0  0  0  0  0  0  0  0  0  0
    9.2460   13.2350   -7.7540 H   0  0  0  0  0  0  0  0  0  0  0  0
    9.3680   11.5430   -7.3160 H   0  0  0  0  0  0  0  0  0  0  0  0
   11.2520   12.5810   -7.2630 C   0  0  0  0  0  0  0  0  0  0  0  0
   12.3080   12.1460   -7.8430 O   0  0  0  0  0  0  0  0  0  0  0  0
   11.2450   13.0720   -6.1330 O   0  0  0  0  0  0  0  0  0  0  0  0
   10.1360   13.0980  -10.3290 C   0  0  0  0  0  0  0  0  0  0  0  0
   10.5540   14.1900   -9.9320 O   0  0  0  0  0  0  0  0  0  0  0  0
    9.8410   12.8220  -11.5630 N   0  0  0  0  0  0  0  0  0  0  0  0
    9.4940   11.8980  -11.7820 H   0  0  0  0  0  0  0  0  0  0  0  0
    9.9000   13.7730  -12.6880 C   0  0  1  0  0  0  0  0  0  0  0  0
   10.0750   14.7980  -12.3550 H   0  0  0  0  0  0  0  0  0  0  0  0
   10.9480   13.3190  -13.7420 C   0  0  1  0  0  0  0  0  0  0  0  0
   10.7010   12.2990  -14.0460 H   0  0  0  0  0  0  0  0  0  0  0  0
   10.8750   14.2030  -14.9980 C   0  0  0  0  0  0  0  0  0  0  0  0
   11.7970   14.1650  -15.5700 H   0  0  0  0  0  0  0  0  0  0  0  0
   10.0670   13.8740  -15.6460 H   0  0  0  0  0  0  0  0  0  0  0  0
   10.6020   15.1460  -14.5490 H   0  0  0  0  0  0  0  0  0  0  0  0
   12.3190   13.2900  -13.1280 C   0  0  0  0  0  0  0  0  0  0  0  0
   12.6270   14.2660  -12.7870 H   0  0  0  0  0  0  0  0  0  0  0  0
   12.3100   12.6300  -12.2600 H   0  0  0  0  0  0  0  0  0  0  0  0
   13.3000   12.7050  -14.0990 C   0  0  0  0  0  0  0  0  0  0  0  0
   14.1720   12.3550  -13.5460 H   0  0  0  0  0  0  0  0  0  0  0  0
   12.8730   11.8590  -14.6380 H   0  0  0  0  0  0  0  0  0  0  0  0
   13.6450   13.4590  -14.8060 H   0  0  0  0  0  0  0  0  0  0  0  0
    8.5730   13.6270  -13.3780 C   0  0  0  0  0  0  0  0  0  0  0  0
    7.9740   12.5230  -13.4290 O   0  0  0  0  0  0  0  0  0  0  0  0
    8.1470   14.7370  -13.9850 N   0  0  0  0  0  0  0  0  0  0  0  0
    8.7010   15.5820  -13.9380 H   0  0  0  0  0  0  0  0  0  0  0  0
    6.9310   14.7530  -14.7360 C   0  0  1  0  0  0  0  0  0  0  0  0
    6.2410   14.0260  -14.3040 H   0  0  0  0  0  0  0  0  0  0  0  0
    6.2670   16.1470  -14.6000 C   0  0  0  0  0  0  0  0  0  0  0  0
    6.1850   16.4250  -13.5480 H   0  0  0  0  0  0  0  0  0  0  0  0
    6.8700   16.8940  -15.1200 H   0  0  0  0  0  0  0  0  0  0  0  0
    4.8740   16.0720  -15.2030 C   0  0  0  0  0  0  0  0  0  0  0  0
    4.8250   15.3580  -16.0250 H   0  0  0  0  0  0  0  0  0  0  0  0
    4.1880   15.7020  -14.4400 H   0  0  0  0  0  0  0  0  0  0  0  0
    4.3700   17.3920  -15.6990 C   0  0  0  0  0  0  0  0  0  0  0  0
    4.0040   18.2480  -14.9150 O   0  0  0  0  0  0  0  0  0  0  0  0
    4.3170   17.5510  -17.0170 N   0  0  0  0  0  0  0  0  0  0  0  0
    3.9930   18.4290  -17.3920 H   0  0  0  0  0  0  0  0  0  0  0  0
    4.6360   16.8140  -17.6260 H   0  0  0  0  0  0  0  0  0  0  0  0
    7.1760   14.3660  -16.1890 C   0  0  0  0  0  0  0  0  0  0  0  0
    7.1380   15.1820  -17.1070 O   0  0  0  0  0  0  0  0  0  0  0  0
    7.4430   13.1010  -16.4030 N   0  0  0  0  0  0  0  0  0  0  0  0
    7.4850   12.4750  -15.6100 H   0  0  0  0  0  0  0  0  0  0  0  0
    7.5960   12.5380  -17.6950 C   0  0  1  0  0  0  0  0  0  0  0  0
    7.1440   13.1780  -18.4540 H   0  0  0  0  0  0  0  0  0  0  0  0
    9.0810   12.3260  -18.0210 C   0  0  1  0  0  0  0  0  0  0  0  0
    9.6290   13.2390  -17.7850 H   0  0  0  0  0  0  0  0  0  0  0  0
    9.6810   11.1930  -17.2770 C   0  0  0  0  0  0  0  0  0  0  0  0
   10.7620   11.2130  -17.4160 H   0  0  0  0  0  0  0  0  0  0  0  0
    9.4790   11.2820  -16.2090 H   0  0  0  0  0  0  0  0  0  0  0  0
    9.3110   10.2350  -17.6450 H   0  0  0  0  0  0  0  0  0  0  0  0
    9.2090   12.0860  -19.4220 O   0  0  0  0  0  0  0  0  0  0  0  0
    9.0380   12.9090  -19.8870 H   0  0  0  0  0  0  0  0  0  0  0  0
    6.8620   11.1820  -17.6780 C   0  0  0  0  0  0  0  0  0  0  0  0
    6.7900   10.5260  -16.6170 O   0  0  0  0  0  0  0  0  0  0  0  0
    6.0770    7.5210  -17.5110 N   0  0  0  0  0  0  0  0  0  0  0  0
    5.1820    7.7130  -17.0850 H   0  0  0  0  0  0  0  0  0  0  0  0
    6.7830    6.3150  -17.0800 C   0  0  1  0  0  0  0  0  0  0  0  0
    7.6240    6.1340  -17.7510 H   0  0  0  0  0  0  0  0  0  0  0  0
    7.3620    6.4960  -15.6750 C   0  0  0  0  0  0  0  0  0  0  0  0
    6.5600    6.7880  -14.9950 H   0  0  0  0  0  0  0  0  0  0  0  0
    7.7570    5.5360  -15.3380 H   0  0  0  0  0  0  0  0  0  0  0  0
    8.4800    7.5220  -15.5920 C   0  0  0  0  0  0  0  0  0  0  0  0
    9.3160    7.1930  -16.2100 H   0  0  0  0  0  0  0  0  0  0  0  0
    8.1320    8.4720  -15.9910 H   0  0  0  0  0  0  0  0  0  0  0  0
    8.9780    7.7280  -14.1750 C   0  0  0  0  0  0  0  0  0  0  0  0
    9.4790    6.8000  -13.5410 O   0  0  0  0  0  0  0  0  0  0  0  0
    8.8400    8.9490  -13.6710 N   0  0  0  0  0  0  0  0  0  0  0  0
    8.3970    9.6770  -14.2100 H   0  0  0  0  0  0  0  0  0  0  0  0
    9.1930    9.1460  -12.7500 H   0  0  0  0  0  0  0  0  0  0  0  0
    5.8890    5.0700  -17.1370 C   0  0  0  0  0  0  0  0  0  0  0  0
    4.7270    5.1090  -16.7330 O   0  0  0  0  0  0  0  0  0  0  0  0
    4.7063   24.2517    0.2430 H   0  0  0  0  0  0  0  0  0  0  0  0
    5.2246   27.5672   -2.2703 H   0  0  0  0  0  0  0  0  0  0  0  0
    3.1039   29.0383   -4.1102 H   0  0  0  0  0  0  0  0  0  0  0  0
    1.6431   16.1788    4.1658 H   0  0  0  0  0  0  0  0  0  0  0  0
    6.7602   14.0599    0.7619 H   0  0  0  0  0  0  0  0  0  0  0  0
    3.3097   16.4653   -5.4021 H   0  0  0  0  0  0  0  0  0  0  0  0
    6.2395   27.8232  -16.1316 H   0  0  0  0  0  0  0  0  0  0  0  0
   11.8973   25.5563   -9.4452 H   0  0  0  0  0  0  0  0  0  0  0  0
   12.5307   18.0595  -15.7677 H   0  0  0  0  0  0  0  0  0  0  0  0
   14.8969   17.6181  -13.4320 H   0  0  0  0  0  0  0  0  0  0  0  0
   16.6710   18.8947  -10.7889 H   0  0  0  0  0  0  0  0  0  0  0  0
   16.7081   18.8818   -8.5022 H   0  0  0  0  0  0  0  0  0  0  0  0
   18.6163   18.9407   -5.4062 H   0  0  0  0  0  0  0  0  0  0  0  0
   14.3907   10.8723   -2.4309 H   0  0  0  0  0  0  0  0  0  0  0  0
   11.5270   12.3671   -0.4561 H   0  0  0  0  0  0  0  0  0  0  0  0
   -5.9538   11.1514    2.3313 H   0  0  0  0  0  0  0  0  0  0  0  0
   -4.3101   18.8619    3.9208 H   0  0  0  0  0  0  0  0  0  0  0  0
   -4.2569    1.5865   -6.3383 H   0  0  0  0  0  0  0  0  0  0  0  0
   -0.5111    8.5764    2.6895 H   0  0  0  0  0  0  0  0  0  0  0  0
    3.9600    2.5393    2.7993 H   0  0  0  0  0  0  0  0  0  0  0  0
    3.8847    6.4543    1.1579 H   0  0  0  0  0  0  0  0  0  0  0  0
    3.2078    9.2731   -0.9475 H   0  0  0  0  0  0  0  0  0  0  0  0
   -5.3011    9.2804  -13.2223 H   0  0  0  0  0  0  0  0  0  0  0  0
    0.3314    7.1172  -16.3042 H   0  0  0  0  0  0  0  0  0  0  0  0
   -2.6470    4.1054  -15.0853 H   0  0  0  0  0  0  0  0  0  0  0  0
    4.6712    5.9494   -5.5950 H   0  0  0  0  0  0  0  0  0  0  0  0
   11.2159    5.6318   -3.0464 H   0  0  0  0  0  0  0  0  0  0  0  0
    9.3829    2.5621   -4.4600 H   0  0  0  0  0  0  0  0  0  0  0  0
   11.5045    6.7665  -11.1054 H   0  0  0  0  0  0  0  0  0  0  0  0
   13.1662   12.2958   -7.4642 H   0  0  0  0  0  0  0  0  0  0  0  0
    6.3480   10.6385  -18.4886 H   0  0  0  0  0  0  0  0  0  0  0  0
    6.6873    8.3298  -17.3937 H   0  0  0  0  0  0  0  0  0  0  0  0
    6.1016    4.0514  -17.5027 H   0  0  0  0  0  0  0  0  0  0  0  0
419422  1  0  0  0  0
556557  2  0  0  0  0
556558  1  0  0  0  0
558559  1  0  0  0  0
558560  1  0  0  0  0
560561  1  0  0  0  0
560562  1  0  0  0  0
560571  1  0  0  0  0
562563  1  0  0  0  0
562564  1  0  0  0  0
562565  1  0  0  0  0
565566  1  0  0  0  0
565567  1  0  0  0  0
565568  1  0  0  0  0
568570  2  0  0  0  0
568569  1  0  0  0  0
571572  2  0  0  0  0
571573  1  0  0  0  0
573574  1  0  0  0  0
573575  1  0  0  0  0
575590  1  0  0  0  0
590591  2  0  0  0  0
592593  1  0  0  0  0
592594  1  0  0  0  0
594596  1  0  0  0  0
594595  1  0  0  0  0
594597  1  0  0  0  0
597598  2  0  0  0  0
597599  1  0  0  0  0
599600  1  0  0  0  0
599601  1  0  0  0  0
601602  1  0  0  0  0
601613  1  0  0  0  0
601603  1  0  0  0  0
603604  1  0  0  0  0
603609  1  0  0  0  0
603605  1  0  0  0  0
605607  1  0  0  0  0
605606  1  0  0  0  0
605608  1  0  0  0  0
609611  1  0  0  0  0
609612  1  0  0  0  0
609610  1  0  0  0  0
613614  2  0  0  0  0
613615  1  0  0  0  0
615616  1  0  0  0  0
615617  1  0  0  0  0
617618  1  0  0  0  0
624625  1  0  0  0  0
624626  1  0  0  0  0
626627  1  0  0  0  0
626628  1  0  0  0  0
345346  1  0  0  0  0
345348  1  0  0  0  0
346347  1  0  0  0  0
348349  1  0  0  0  0
368369  1  0  0  0  0
368370  1  0  0  0  0
370371  1  0  0  0  0
370372  1  0  0  0  0
370373  1  0  0  0  0
373374  2  0  0  0  0
373375  1  0  0  0  0
375376  1  0  0  0  0
375377  1  0  0  0  0
377378  1  0  0  0  0
377379  1  0  0  0  0
377384  1  0  0  0  0
379380  1  0  0  0  0
379381  1  0  0  0  0
379382  1  0  0  0  0
382383  1  0  0  0  0
384385  2  0  0  0  0
384386  1  0  0  0  0
386387  1  0  0  0  0
386388  1  0  0  0  0
388389  1  0  0  0  0
388404  1  0  0  0  0
388390  1  0  0  0  0
390392  1  0  0  0  0
390391  1  0  0  0  0
390393  1  0  0  0  0
393402  1  0  0  0  0
393394  2  0  0  0  0
394395  1  0  0  0  0
394396  1  0  0  0  0
396397  1  0  0  0  0
396398  2  0  0  0  0
398399  1  0  0  0  0
398400  1  0  0  0  0
400401  1  0  0  0  0
400402  2  0  0  0  0
402403  1  0  0  0  0
404405  2  0  0  0  0
404406  1  0  0  0  0
406407  1  0  0  0  0
406408  1  0  0  0  0
408409  1  0  0  0  0
408410  1  0  0  0  0
410413  1  0  0  0  0
413414  1  0  0  0  0
413415  1  0  0  0  0
413419  1  0  0  0  0
415416  1  0  0  0  0
419420  1  0  0  0  0
450452  1  0  0  0  0
450451  1  0  0  0  0
450453  1  0  0  0  0
453454  1  0  0  0  0
455456  2  0  0  0  0
501502  1  0  0  0  0
501503  1  0  0  0  0
511512  1  0  0  0  0
511513  1  0  0  0  0
511514  1  0  0  0  0
514520  2  0  0  0  0
514515  1  0  0  0  0
515516  2  0  0  0  0
516517  1  0  0  0  0
516518  1  0  0  0  0
518519  1  0  0  0  0
518520  1  0  0  0  0
520521  1  0  0  0  0
617619  1  0  0  0  0
617630  1  0  0  0  0
619621  1  0  0  0  0
619620  1  0  0  0  0
619622  1  0  0  0  0
622623  1  0  0  0  0
622628  2  0  0  0  0
623624  2  0  0  0  0
628629  1  0  0  0  0
322323  1  0  0  0  0
322324  1  0  0  0  0
324326  1  0  0  0  0
326329  1  0  0  0  0
329330  1  0  0  0  0
468470  1  0  0  0  0
470473  1  0  0  0  0
473474  2  0  0  0  0
473475  1  0  0  0  0
475476  1  0  0  0  0
475477  1  0  0  0  0
477478  1  0  0  0  0
477484  1  0  0  0  0
477479  1  0  0  0  0
479481  1  0  0  0  0
479480  1  0  0  0  0
479482  1  0  0  0  0
482483  1  0  0  0  0
484485  2  0  0  0  0
503504  1  0  0  0  0
419421  1  0  0  0  0
429430  1  0  0  0  0
429432  1  0  0  0  0
432433  2  0  0  0  0
432434  1  0  0  0  0
434435  1  0  0  0  0
434436  1  0  0  0  0
 40 41  1  0  0  0  0
 40 42  1  0  0  0  0
 42 44  1  0  0  0  0
 42 52  1  0  0  0  0
 52 53  2  0  0  0  0
 52 54  1  0  0  0  0
 54 56  1  0  0  0  0
 56 57  1  0  0  0  0
 56 58  1  0  0  0  0
 58 59  1  0  0  0  0
 58 60  1  0  0  0  0
337339  1  0  0  0  0
337340  1  0  0  0  0
340341  2  0  0  0  0
340350  1  0  0  0  0
341342  1  0  0  0  0
341343  1  0  0  0  0
343344  1  0  0  0  0
343345  2  0  0  0  0
348350  2  0  0  0  0
408423  1  0  0  0  0
410411  1  0  0  0  0
410412  1  0  0  0  0
415418  1  0  0  0  0
415417  1  0  0  0  0
423424  2  0  0  0  0
423425  1  0  0  0  0
425426  1  0  0  0  0
425427  1  0  0  0  0
427428  1  0  0  0  0
427437  1  0  0  0  0
427429  1  0  0  0  0
429431  1  0  0  0  0
437438  2  0  0  0  0
437439  1  0  0  0  0
439440  1  0  0  0  0
439441  1  0  0  0  0
441443  1  0  0  0  0
441442  1  0  0  0  0
441444  1  0  0  0  0
444445  2  0  0  0  0
444446  1  0  0  0  0
446447  1  0  0  0  0
446448  1  0  0  0  0
448449  1  0  0  0  0
448455  1  0  0  0  0
448450  1  0  0  0  0
455457  1  0  0  0  0
457458  1  0  0  0  0
457459  1  0  0  0  0
459460  1  0  0  0  0
459466  1  0  0  0  0
459461  1  0  0  0  0
461462  1  0  0  0  0
461464  1  0  0  0  0
464465  1  0  0  0  0
466467  2  0  0  0  0
466468  1  0  0  0  0
 42 43  1  0  0  0  0
 44 46  1  0  0  0  0
 46 48  1  0  0  0  0
 46 47  1  0  0  0  0
 54 55  1  0  0  0  0
 56 71  1  0  0  0  0
 71 72  2  0  0  0  0
 71 73  1  0  0  0  0
 73 74  1  0  0  0  0
 73 75  1  0  0  0  0
 75 76  1  0  0  0  0
 75 85  1  0  0  0  0
 75 77  1  0  0  0  0
 77 78  1  0  0  0  0
 77 79  1  0  0  0  0
 77 80  1  0  0  0  0
 80 81  2  0  0  0  0
 80 82  1  0  0  0  0
 82 84  1  0  0  0  0
 82 83  1  0  0  0  0
324325  1  0  0  0  0
324331  1  0  0  0  0
326327  1  0  0  0  0
326328  1  0  0  0  0
331332  2  0  0  0  0
331333  1  0  0  0  0
333334  1  0  0  0  0
333335  1  0  0  0  0
335336  1  0  0  0  0
335352  1  0  0  0  0
335337  1  0  0  0  0
337338  1  0  0  0  0
350351  1  0  0  0  0
352353  2  0  0  0  0
352354  1  0  0  0  0
354355  1  0  0  0  0
354356  1  0  0  0  0
356357  1  0  0  0  0
356366  1  0  0  0  0
356358  1  0  0  0  0
358359  1  0  0  0  0
358360  1  0  0  0  0
358361  1  0  0  0  0
361362  2  0  0  0  0
361363  1  0  0  0  0
363364  1  0  0  0  0
363365  1  0  0  0  0
366367  2  0  0  0  0
 14 15  1  0  0  0  0
 14 16  1  0  0  0  0
 14 24  1  0  0  0  0
 16 17  1  0  0  0  0
 16 18  1  0  0  0  0
 18 20  1  0  0  0  0
 18 19  1  0  0  0  0
 24 25  2  0  0  0  0
 28 29  1  0  0  0  0
 28 38  1  0  0  0  0
 38 40  1  0  0  0  0
 44 45  1  0  0  0  0
 44 50  1  0  0  0  0
 46 49  1  0  0  0  0
 50 51  1  0  0  0  0
543556  1  0  0  0  0
543545  1  0  0  0  0
545547  1  0  0  0  0
545546  1  0  0  0  0
545548  1  0  0  0  0
548550  1  0  0  0  0
548551  1  0  0  0  0
551552  1  0  0  0  0
552553  1  0  0  0  0
552554  1  0  0  0  0
552555  1  0  0  0  0
575576  1  0  0  0  0
575577  1  0  0  0  0
577579  1  0  0  0  0
577578  1  0  0  0  0
577580  1  0  0  0  0
580581  1  0  0  0  0
580586  1  0  0  0  0
580582  1  0  0  0  0
582584  1  0  0  0  0
582583  1  0  0  0  0
582585  1  0  0  0  0
586589  1  0  0  0  0
586587  1  0  0  0  0
586588  1  0  0  0  0
636639  1  0  0  0  0
636638  1  0  0  0  0
662663  1  0  0  0  0
676677  2  0  0  0  0
676678  1  0  0  0  0
678680  1  0  0  0  0
680681  1  0  0  0  0
680688  1  0  0  0  0
688690  1  0  0  0  0
690691  1  0  0  0  0
694695  1  0  0  0  0
726727  1  0  0  0  0
726728  1  0  0  0  0
728730  1  0  0  0  0
728738  1  0  0  0  0
730736  1  0  0  0  0
730732  1  0  0  0  0
732733  1  0  0  0  0
732734  1  0  0  0  0
732735  1  0  0  0  0
736737  1  0  0  0  0
738739  2  0  0  0  0
740741  1  0  0  0  0
740742  1  0  0  0  0
742743  1  0  0  0  0
742744  1  0  0  0  0
742755  1  0  0  0  0
744745  1  0  0  0  0
744746  1  0  0  0  0
744747  1  0  0  0  0
747749  1  0  0  0  0
747748  1  0  0  0  0
747750  1  0  0  0  0
750751  2  0  0  0  0
750752  1  0  0  0  0
752754  1  0  0  0  0
752753  1  0  0  0  0
755756  2  0  0  0  0
468469  1  0  0  0  0
493503  2  0  0  0  0
493494  1  0  0  0  0
494495  1  0  0  0  0
494496  2  0  0  0  0
496497  1  0  0  0  0
496498  1  0  0  0  0
498501  2  0  0  0  0
498499  1  0  0  0  0
499500  1  0  0  0  0
507509  1  0  0  0  0
509510  1  0  0  0  0
509522  1  0  0  0  0
509511  1  0  0  0  0
522523  2  0  0  0  0
522524  1  0  0  0  0
524525  1  0  0  0  0
524526  1  0  0  0  0
526527  1  0  0  0  0
526528  1  0  0  0  0
526539  1  0  0  0  0
528529  1  0  0  0  0
528530  1  0  0  0  0
528531  1  0  0  0  0
531532  1  0  0  0  0
531537  2  0  0  0  0
532533  1  0  0  0  0
532534  1  0  0  0  0
534535  1  0  0  0  0
534536  2  0  0  0  0
536537  1  0  0  0  0
537538  1  0  0  0  0
539540  2  0  0  0  0
539541  1  0  0  0  0
541542  1  0  0  0  0
541543  1  0  0  0  0
543544  1  0  0  0  0
548549  1  0  0  0  0
630631  2  0  0  0  0
630632  1  0  0  0  0
632633  1  0  0  0  0
632634  1  0  0  0  0
634635  1  0  0  0  0
634640  1  0  0  0  0
634636  1  0  0  0  0
636637  1  0  0  0  0
640641  2  0  0  0  0
644645  1  0  0  0  0
644660  1  0  0  0  0
644646  1  0  0  0  0
646648  1  0  0  0  0
646649  1  0  0  0  0
649658  1  0  0  0  0
649650  2  0  0  0  0
650651  1  0  0  0  0
650652  1  0  0  0  0
652653  1  0  0  0  0
652654  2  0  0  0  0
654655  1  0  0  0  0
654656  1  0  0  0  0
656657  1  0  0  0  0
656658  2  0  0  0  0
680682  1  0  0  0  0
682684  1  0  0  0  0
682685  1  0  0  0  0
685687  2  0  0  0  0
470471  1  0  0  0  0
486487  1  0  0  0  0
486488  1  0  0  0  0
488489  1  0  0  0  0
488490  1  0  0  0  0
488505  1  0  0  0  0
490492  1  0  0  0  0
490491  1  0  0  0  0
490493  1  0  0  0  0
505506  2  0  0  0  0
507508  1  0  0  0  0
182184  1  0  0  0  0
182185  1  0  0  0  0
185186  1  0  0  0  0
211212  2  0  0  0  0
226227  2  0  0  0  0
226228  1  0  0  0  0
238240  1  0  0  0  0
240241  1  0  0  0  0
240242  1  0  0  0  0
242243  1  0  0  0  0
242255  1  0  0  0  0
242244  1  0  0  0  0
244246  1  0  0  0  0
244245  1  0  0  0  0
244247  1  0  0  0  0
247249  1  0  0  0  0
247248  1  0  0  0  0
247250  1  0  0  0  0
250251  1  0  0  0  0
251253  1  0  0  0  0
251252  1  0  0  0  0
251254  1  0  0  0  0
255256  2  0  0  0  0
255257  1  0  0  0  0
257258  1  0  0  0  0
257259  1  0  0  0  0
259260  1  0  0  0  0
259261  1  0  0  0  0
261263  1  0  0  0  0
261264  1  0  0  0  0
264265  1  0  0  0  0
264270  1  0  0  0  0
264266  1  0  0  0  0
266267  1  0  0  0  0
266268  1  0  0  0  0
266269  1  0  0  0  0
270272  1  0  0  0  0
270273  1  0  0  0  0
270271  1  0  0  0  0
688689  2  0  0  0  0
690692  1  0  0  0  0
692693  1  0  0  0  0
692707  1  0  0  0  0
692694  1  0  0  0  0
694696  1  0  0  0  0
696699  1  0  0  0  0
696698  1  0  0  0  0
707708  2  0  0  0  0
707709  1  0  0  0  0
709710  1  0  0  0  0
709711  1  0  0  0  0
711712  1  0  0  0  0
711724  1  0  0  0  0
711713  1  0  0  0  0
713714  1  0  0  0  0
713715  1  0  0  0  0
713716  1  0  0  0  0
716717  1  0  0  0  0
716718  1  0  0  0  0
716719  1  0  0  0  0
719720  2  0  0  0  0
719721  1  0  0  0  0
721723  1  0  0  0  0
721722  1  0  0  0  0
724725  2  0  0  0  0
724726  1  0  0  0  0
728729  1  0  0  0  0
730731  1  0  0  0  0
 30 36  1  0  0  0  0
 30 32  1  0  0  0  0
 32 34  1  0  0  0  0
 32 33  1  0  0  0  0
 32 35  1  0  0  0  0
 58 61  1  0  0  0  0
 61 62  1  0  0  0  0
 61 67  1  0  0  0  0
 67 68  1  0  0  0  0
 67 70  1  0  0  0  0
 67 69  1  0  0  0  0
 88 91  1  0  0  0  0
 91 92  1  0  0  0  0
 91 93  1  0  0  0  0
 91 94  1  0  0  0  0
 94 96  1  0  0  0  0
 94 95  1  0  0  0  0
 94 97  1  0  0  0  0
 97 98  1  0  0  0  0
 97 99  1  0  0  0  0
 99100  2  0  0  0  0
 99101  1  0  0  0  0
101102  1  0  0  0  0
101103  1  0  0  0  0
103104  1  0  0  0  0
103123  1  0  0  0  0
123124  2  0  0  0  0
123125  1  0  0  0  0
125126  1  0  0  0  0
125127  1  0  0  0  0
127128  1  0  0  0  0
127141  1  0  0  0  0
127129  1  0  0  0  0
129131  1  0  0  0  0
129130  1  0  0  0  0
129132  1  0  0  0  0
132139  2  0  0  0  0
132133  1  0  0  0  0
133134  1  0  0  0  0
133135  1  0  0  0  0
135136  1  0  0  0  0
135137  1  0  0  0  0
137138  1  0  0  0  0
137139  1  0  0  0  0
139140  1  0  0  0  0
141142  2  0  0  0  0
141143  1  0  0  0  0
143144  1  0  0  0  0
143145  1  0  0  0  0
145146  1  0  0  0  0
145147  1  0  0  0  0
145157  1  0  0  0  0
147148  1  0  0  0  0
147149  1  0  0  0  0
147153  1  0  0  0  0
149152  1  0  0  0  0
149151  1  0  0  0  0
153155  1  0  0  0  0
153156  1  0  0  0  0
157158  2  0  0  0  0
157159  1  0  0  0  0
159160  1  0  0  0  0
159161  1  0  0  0  0
161176  1  0  0  0  0
161163  1  0  0  0  0
163165  1  0  0  0  0
165167  1  0  0  0  0
165168  1  0  0  0  0
176178  1  0  0  0  0
178179  1  0  0  0  0
178180  1  0  0  0  0
180181  1  0  0  0  0
180182  1  0  0  0  0
180187  1  0  0  0  0
182183  1  0  0  0  0
187188  2  0  0  0  0
303304  1  0  0  0  0
461463  1  0  0  0  0
682683  1  0  0  0  0
 61 63  1  0  0  0  0
 63 65  1  0  0  0  0
 63 66  1  0  0  0  0
 63 64  1  0  0  0  0
 85 86  2  0  0  0  0
 87 88  1  0  0  0  0
 87 97  1  0  0  0  0
 88 90  1  0  0  0  0
 88 89  1  0  0  0  0
149150  1  0  0  0  0
153154  1  0  0  0  0
470472  1  0  0  0  0
187189  1  0  0  0  0
189190  1  0  0  0  0
189191  1  0  0  0  0
191192  1  0  0  0  0
191201  1  0  0  0  0
191193  1  0  0  0  0
193194  1  0  0  0  0
193199  1  0  0  0  0
193195  1  0  0  0  0
195197  1  0  0  0  0
195196  1  0  0  0  0
195198  1  0  0  0  0
199200  1  0  0  0  0
201202  2  0  0  0  0
201203  1  0  0  0  0
203204  1  0  0  0  0
203205  1  0  0  0  0
205206  1  0  0  0  0
205207  1  0  0  0  0
205211  1  0  0  0  0
207210  1  0  0  0  0
207208  1  0  0  0  0
207209  1  0  0  0  0
211213  1  0  0  0  0
213214  1  0  0  0  0
213215  1  0  0  0  0
215216  1  0  0  0  0
215217  1  0  0  0  0
215226  1  0  0  0  0
217218  1  0  0  0  0
217220  1  0  0  0  0
220221  1  0  0  0  0
220222  1  0  0  0  0
220223  1  0  0  0  0
223224  2  0  0  0  0
223225  1  0  0  0  0
228229  1  0  0  0  0
  1  2  1  0  0  0  0
  1  3  1  0  0  0  0
  3 10  1  0  0  0  0
  3  5  1  0  0  0  0
  5  7  1  0  0  0  0
  5  8  1  0  0  0  0
 10 11  2  0  0  0  0
 12 13  1  0  0  0  0
 12 14  1  0  0  0  0
 16 22  1  0  0  0  0
 18 21  1  0  0  0  0
 22 23  1  0  0  0  0
 24 26  1  0  0  0  0
 26 27  1  0  0  0  0
 26 28  1  0  0  0  0
 28 30  1  0  0  0  0
 30 31  1  0  0  0  0
 36 37  1  0  0  0  0
 38 39  2  0  0  0  0
161162  1  0  0  0  0
176177  2  0  0  0  0
  3  4  1  0  0  0  0
  5  6  1  0  0  0  0
  8  9  1  0  0  0  0
662664  1  0  0  0  0
664665  1  0  0  0  0
664676  1  0  0  0  0
664666  1  0  0  0  0
666667  1  0  0  0  0
666672  1  0  0  0  0
666668  1  0  0  0  0
668669  1  0  0  0  0
668670  1  0  0  0  0
668671  1  0  0  0  0
672675  1  0  0  0  0
672673  1  0  0  0  0
672674  1  0  0  0  0
678679  1  0  0  0  0
694700  1  0  0  0  0
700702  1  0  0  0  0
700703  1  0  0  0  0
703705  1  0  0  0  0
703704  1  0  0  0  0
120122  1  0  0  0  0
120121  1  0  0  0  0
311312  1  0  0  0  0
311313  1  0  0  0  0
313314  1  0  0  0  0
313315  1  0  0  0  0
313320  1  0  0  0  0
315316  1  0  0  0  0
315317  1  0  0  0  0
315318  1  0  0  0  0
318319  1  0  0  0  0
320321  2  0  0  0  0
642643  1  0  0  0  0
642644  1  0  0  0  0
646647  1  0  0  0  0
658659  1  0  0  0  0
660661  2  0  0  0  0
685686  1  0  0  0  0
228230  1  0  0  0  0
230231  1  0  0  0  0
230238  1  0  0  0  0
230232  1  0  0  0  0
232233  1  0  0  0  0
232234  1  0  0  0  0
238239  2  0  0  0  0
259274  1  0  0  0  0
261262  1  0  0  0  0
274275  2  0  0  0  0
276286  1  0  0  0  0
276277  1  0  0  0  0
277279  1  0  0  0  0
277278  1  0  0  0  0
277280  1  0  0  0  0
280281  1  0  0  0  0
280282  1  0  0  0  0
280283  1  0  0  0  0
283285  1  0  0  0  0
283284  1  0  0  0  0
283286  1  0  0  0  0
286287  1  0  0  0  0
286288  1  0  0  0  0
288289  2  0  0  0  0
696697  1  0  0  0  0
700701  1  0  0  0  0
703706  1  0  0  0  0
103105  1  0  0  0  0
105107  1  0  0  0  0
105106  1  0  0  0  0
105108  1  0  0  0  0
108109  1  0  0  0  0
108110  1  0  0  0  0
108111  1  0  0  0  0
111113  1  0  0  0  0
111112  1  0  0  0  0
111114  1  0  0  0  0
114115  1  0  0  0  0
114116  2  0  0  0  0
116117  1  0  0  0  0
116120  1  0  0  0  0
117118  1  0  0  0  0
117119  1  0  0  0  0
163169  1  0  0  0  0
165166  1  0  0  0  0
169170  1  0  0  0  0
169171  1  0  0  0  0
169172  1  0  0  0  0
172173  1  0  0  0  0
172175  1  0  0  0  0
172174  1  0  0  0  0
290291  1  0  0  0  0
290292  1  0  0  0  0
292293  1  0  0  0  0
292309  1  0  0  0  0
292294  1  0  0  0  0
294295  1  0  0  0  0
294296  1  0  0  0  0
294297  1  0  0  0  0
297298  1  0  0  0  0
297307  2  0  0  0  0
298299  1  0  0  0  0
298300  2  0  0  0  0
300301  1  0  0  0  0
300302  1  0  0  0  0
302305  2  0  0  0  0
302303  1  0  0  0  0
305306  1  0  0  0  0
305307  1  0  0  0  0
307308  1  0  0  0  0
309310  2  0  0  0  0
217219  1  0  0  0  0
232235  1  0  0  0  0
235236  2  0  0  0  0
235237  1  0  0  0  0
163164  1  0  0  0  0
  1757  1  0  0  0  0
 10758  1  0  0  0  0
 12759  1  0  0  0  0
 85760  1  0  0  0  0
 87761  1  0  0  0  0
135762  1  0  0  0  0
225763  1  0  0  0  0
237764  1  0  0  0  0
274765  1  0  0  0  0
276766  1  0  0  0  0
288767  1  0  0  0  0
290768  1  0  0  0  0
309769  1  0  0  0  0
311770  1  0  0  0  0
320771  1  0  0  0  0
322772  1  0  0  0  0
366773  1  0  0  0  0
368774  1  0  0  0  0
484775  1  0  0  0  0
486776  1  0  0  0  0
505777  1  0  0  0  0
507778  1  0  0  0  0
569779  1  0  0  0  0
590780  1  0  0  0  0
592781  1  0  0  0  0
640782  1  0  0  0  0
642783  1  0  0  0  0
660784  1  0  0  0  0
662785  1  0  0  0  0
686786  1  0  0  0  0
738787  1  0  0  0  0
740788  1  0  0  0  0
755789  1  0  0  0  0
M  CHG  1 114   1
M  END
$$$$
